{"status": "ok", "pair_dir": "/home/caesar/camera_pose/Interpose/out_interpose_batch_300/pair_00000_5f0041e53d59", "variant": "v1_A2B_p2_s2", "video_path": "/home/caesar/camera_pose/Interpose/out_interpose_batch_300/pair_00000_5f0041e53d59/v1_A2B_p2_s2/samples_separate/00_start_sample0.mp4", "anchor_frame_indices": [0, 1, 14, 15], "anchor_c2w_poses": [[[0.2921755313873291, -0.14939382672309875, 0.9446244239807129, -0.25884145498275757], [0.09268137812614441, 0.9874979853630066, 0.12750767171382904, -0.056093744933605194], [-0.9518634080886841, 0.050294455140829086, 0.30236876010894775, 0.22239266335964203], [0.0, 0.0, 0.0, 1.0]], [[0.29614901542663574, -0.17341157793998718, 0.9392678737640381, -0.25555166602134705], [0.11788114905357361, 0.9824983477592468, 0.1442253291606903, -0.05448893830180168], [-0.9478394985198975, 0.06800978630781174, 0.3114079236984253, 0.21758177876472473], [0.0, 0.0, 0.0, 1.0]], [[0.9990765452384949, -0.007811534218490124, 0.04225091636180878, -0.012040290050208569], [0.008196796290576458, 0.9999263882637024, -0.00895288772881031, 0.00017463904805481434], [-0.042177870869636536, 0.009290941059589386, 0.9990670084953308, 0.003815012751147151], [0.0, 0.0, 0.0, 1.0]], [[0.9999710917472839, 0.002199446549639106, -0.007268243934959173, 0.0], [-0.002205947181209922, 0.9999971389770508, -0.0008864969131536782, 0.0], [0.007266273256391287, 0.0009025047183968127, 0.9999731183052063, 0.0], [0.0, 0.0, 0.0, 1.0]]], "num_output_poses": 25, "trajectory_c2w_poses": [[[0.2921755313873291, -0.14939382672309875, 0.9446244239807129, -0.25884145498275757], [0.09268137812614441, 0.9874979853630066, 0.12750767171382904, -0.056093744933605194], [-0.9518634080886841, 0.050294455140829086, 0.30236876010894775, 0.22239266335964203], [0.0, 0.0, 0.0, 1.0]], [[0.29473298152519056, -0.16440493557352054, 0.9413306999988571, -0.256785336881876], [0.10842925681102578, 0.9844802751021299, 0.13799160917332343, -0.055090740788728], [-0.949408008112782, 0.06139710981716629, 0.307985111713892, 0.21938586048781872], [0.0, 0.0, 0.0, 1.0]], [[0.31859633320334935, -0.17131990082727333, 0.9322799300906965, -0.250868754944979], [0.11781694699627199, 0.9830615750802985, 0.1403891256512424, -0.05343771566045829], [-0.940540027574509, 0.0651109144550736, 0.33338420080886555, 0.21347087941830978], [0.0, 0.0, 0.0, 1.0]], [[0.3739145683064381, -0.16579114652951207, 0.9125246250598611, -0.23916147725405887], [0.11725635241205387, 0.9844486845410615, 0.13081183174466257, -0.050809659057099804], [-0.9200211103160787, 0.05808685942451644, 0.38753977000427475, 0.2031936310522724], [0.0, 0.0, 0.0, 1.0]], [[0.42793604538017926, -0.1598500951617072, 0.8895609524597887, -0.22745419956313875], [0.11612599416939205, 0.9858021521720468, 0.12128013131230925, -0.04818160245374131], [-0.8963177419545725, 0.0514010102016858, 0.4404230257465005, 0.192916382686235], [0.0, 0.0, 0.0, 1.0]], [[0.4804722808379922, -0.15351747534385424, 0.863469033671959, -0.21574692187221864], [0.11442981614370866, 0.9871172556582194, 0.11182728092510599, -0.04555354585038283], [-0.869512624706309, 0.04507669404287148, 0.4918494557590877, 0.18263913432019763], [0.0, 0.0, 0.0, 1.0]], [[0.5313399731742371, -0.14681538189750157, 0.8343399046824331, -0.20403964418129852], [0.112173736383437, 0.9883894065389294, 0.10248626204229644, -0.04292548924702435], [-0.8396992829418042, 0.03913597679774761, 0.5416396307020988, 0.17236188595416024], [0.0, 0.0, 0.0, 1.0]], [[0.580361642512169, -0.13976719875583268, 0.8022751984528284, -0.1923323664903784], [0.10936562646165993, 0.9896141662172767, 0.09328966593751323, -0.040297432643665865], [-0.8069817368746496, 0.033599585920539354, 0.5896198302098924, 0.16208463758812286], [0.0, 0.0, 0.0, 1.0]], [[0.6273662498399458, -0.1323975173759749, 0.7673867903179212, -0.1806250887994583], [0.10601528401180463, 0.9907872614465942, 0.08426957998622356, -0.03766937604030737], [-0.7714741396298772, 0.028486838150917168, 0.6356226490100115, 0.15180738922208548], [0.0, 0.0, 0.0, 1.0]], [[0.6721897937741383, -0.12473205093819797, 0.7297964076471137, -0.16891781110853812], [0.10213439854321871, 0.9919045992400144, 0.07545747571130054, -0.03504131943694888], [-0.7333003789581023, 0.02381557211694344, 0.6794875810083996, 0.14153014085604806], [0.0, 0.0, 0.0, 1.0]], [[0.7146758827686138, -0.11679754463136496, 0.68963520513166, -0.15721053341761806], [0.0977365106558977, 0.9929622811511019, 0.0668840989773341, -0.03241326283359041], [-0.692593644985075, 0.019602086095223098, 0.7210615793030464, 0.13125289249001074], [0.0, 0.0, 0.0, 1.0]], [[0.7546762807723191, -0.10862168233765522, 0.6470433071795096, -0.14550325572669792], [0.09283696479666696, 0.9939566168757247, 0.0585793627167996, -0.029785206230231922], [-0.6494959655047923, 0.01586108114541612, 0.7601995901721444, 0.12097564412397334], [0.0, 0.0, 0.0, 1.0]], [[0.7920514244321439, -0.10023299004213942, 0.6021693190143651, -0.1337959780357778], [0.08745285572165287, 0.9948841371277064, 0.050572242562367205, -0.027157149626873434], [-0.6041577104375475, 0.01260560981751837, 0.7967650591736494, 0.11069839575793594], [0.0, 0.0, 0.0, 1.0]], [[0.8266709100363139, -0.09166073630421705, 0.5551698081847584, -0.1220887003448577], [0.08160296885183922, 0.995741605743336, 0.042890675749496586, -0.02452909302351495], [-0.5567370671818955, 0.009847030610873601, 0.8306304075904337, 0.10042114739189857], [0.0, 0.0, 0.0, 1.0]], [[0.8584139484993442, -0.08293483013817514, 0.5062087582921865, -0.11038142265393759], [0.075307714729811, 0.9965260309725023, 0.03556146364205036, -0.02190103642015647], [-0.5073994886910497, 0.007594968343811511, 0.8616774775586964, 0.0901438990258612], [0.0, 0.0, 0.0, 1.0]], [[0.8871697868010929, -0.07408571665916831, 0.4554569968442694, -0.09867414496301743], [0.06858905780636858, 0.9972346759170562, 0.02861017822101918, -0.019272979816797972], [-0.45631711619940146, 0.005857280572183762, 0.8897979443265537, 0.07986665065982378], [0.0, 0.0, 0.0, 1.0]], [[0.9128380944094856, -0.06514427085871724, 0.403091599229189, -0.08696686727209733], [0.06147043980548054, 0.9978650680799839, 0.02206107286262441, -0.016644923213439494], [-0.40366817861330095, 0.004640030173965861, 0.9148936942044168, 0.0695894022937864], [0.0, 0.0, 0.0, 1.0]], [[0.9353293133386702, -0.05614168988034654, 0.3492952708909623, -0.07525958958117722], [0.05397669793495721, 0.9984150079920692, 0.015936997717097195, -0.014016866610081011], [-0.34963637066164915, 0.003947464195578046, 0.9368771668884746, 0.059312153927749044], [0.0, 0.0, 0.0, 1.0]], [[0.9545649706212276, -0.04710938417121908, 0.29425570986117383, -0.0635523118902571], [0.04613397822821299, 0.9988825768859507, 0.010259319983382144, -0.011388810006722523], [-0.29441021197596656, 0.003781999033731805, 0.9556716609628932, 0.049034905561711646], [0.0, 0.0, 0.0, 1.0]], [[0.970477952104209, -0.0380788678895432, 0.23816495187132666, -0.05184503419933699], [0.037969644319471675, 0.9992661433907948, 0.005047849357930895, -0.00876075340336404], [-0.2381823893361418, 0.00414421200450304, 0.9712116015148234, 0.038757657195674276], [0.0, 0.0, 0.0, 1.0]], [[0.9830127366137115, -0.0290816489501269, 0.1812187003307426, -0.04013775650841689], [0.029512181970702666, 0.9995643692242284, 0.00032076891769824154, -0.006132696800005558], [-0.18114908437679184, 0.005032839329047944, 0.9834427689284914, 0.028480408829636903], [0.0, 0.0, 0.0, 1.0]], [[0.9921255896709806, -0.020149119091715757, 0.12361564350775647, -0.028430478817496732], [0.020791099683398564, 0.9997762138616725, -0.003905428321506344, -0.0035046401966470644], [-0.1235092890999048, 0.006444780542989455, 0.9923224880601008, 0.018203160463599485], [0.0, 0.0, 0.0, 1.0]], [[0.9977847160841548, -0.011312444349674853, 0.06555676129659072, -0.016723201126576628], [0.011836825741964388, 0.9999009381667828, -0.0076159969499607965, -0.0008765835932885821], [-0.06546411158197318, 0.008375109314089722, 0.9978197771335062, 0.007925912097562113], [0.0, 0.0, 0.0, 1.0]], [[0.999711209686372, -0.00410633718981218, 0.02367773684908494, -0.007525181281380371], [0.004249249440526888, 0.99997304008312, -0.005988571291639014, 0.00010914940503425919], [-0.023652507406258884, 0.006087454460316434, 0.9997017064062612, 0.0023843829694669746], [0.0, 0.0, 0.0, 1.0]], [[0.9999710917472839, 0.002199446549639106, -0.007268243934959173, 0.0], [-0.002205947181209922, 0.9999971389770508, -0.0008864969131536782, 0.0], [0.007266273256391287, 0.0009025047183968127, 0.9999731183052063, 0.0], [0.0, 0.0, 0.0, 1.0]]], "interpolated_only_c2w_poses": [[[0.29473298152519056, -0.16440493557352054, 0.9413306999988571, -0.256785336881876], [0.10842925681102578, 0.9844802751021299, 0.13799160917332343, -0.055090740788728], [-0.949408008112782, 0.06139710981716629, 0.307985111713892, 0.21938586048781872], [0.0, 0.0, 0.0, 1.0]], [[0.31859633320334935, -0.17131990082727333, 0.9322799300906965, -0.250868754944979], [0.11781694699627199, 0.9830615750802985, 0.1403891256512424, -0.05343771566045829], [-0.940540027574509, 0.0651109144550736, 0.33338420080886555, 0.21347087941830978], [0.0, 0.0, 0.0, 1.0]], [[0.3739145683064381, -0.16579114652951207, 0.9125246250598611, -0.23916147725405887], [0.11725635241205387, 0.9844486845410615, 0.13081183174466257, -0.050809659057099804], [-0.9200211103160787, 0.05808685942451644, 0.38753977000427475, 0.2031936310522724], [0.0, 0.0, 0.0, 1.0]], [[0.42793604538017926, -0.1598500951617072, 0.8895609524597887, -0.22745419956313875], [0.11612599416939205, 0.9858021521720468, 0.12128013131230925, -0.04818160245374131], [-0.8963177419545725, 0.0514010102016858, 0.4404230257465005, 0.192916382686235], [0.0, 0.0, 0.0, 1.0]], [[0.4804722808379922, -0.15351747534385424, 0.863469033671959, -0.21574692187221864], [0.11442981614370866, 0.9871172556582194, 0.11182728092510599, -0.04555354585038283], [-0.869512624706309, 0.04507669404287148, 0.4918494557590877, 0.18263913432019763], [0.0, 0.0, 0.0, 1.0]], [[0.5313399731742371, -0.14681538189750157, 0.8343399046824331, -0.20403964418129852], [0.112173736383437, 0.9883894065389294, 0.10248626204229644, -0.04292548924702435], [-0.8396992829418042, 0.03913597679774761, 0.5416396307020988, 0.17236188595416024], [0.0, 0.0, 0.0, 1.0]], [[0.580361642512169, -0.13976719875583268, 0.8022751984528284, -0.1923323664903784], [0.10936562646165993, 0.9896141662172767, 0.09328966593751323, -0.040297432643665865], [-0.8069817368746496, 0.033599585920539354, 0.5896198302098924, 0.16208463758812286], [0.0, 0.0, 0.0, 1.0]], [[0.6273662498399458, -0.1323975173759749, 0.7673867903179212, -0.1806250887994583], [0.10601528401180463, 0.9907872614465942, 0.08426957998622356, -0.03766937604030737], [-0.7714741396298772, 0.028486838150917168, 0.6356226490100115, 0.15180738922208548], [0.0, 0.0, 0.0, 1.0]], [[0.6721897937741383, -0.12473205093819797, 0.7297964076471137, -0.16891781110853812], [0.10213439854321871, 0.9919045992400144, 0.07545747571130054, -0.03504131943694888], [-0.7333003789581023, 0.02381557211694344, 0.6794875810083996, 0.14153014085604806], [0.0, 0.0, 0.0, 1.0]], [[0.7146758827686138, -0.11679754463136496, 0.68963520513166, -0.15721053341761806], [0.0977365106558977, 0.9929622811511019, 0.0668840989773341, -0.03241326283359041], [-0.692593644985075, 0.019602086095223098, 0.7210615793030464, 0.13125289249001074], [0.0, 0.0, 0.0, 1.0]], [[0.7546762807723191, -0.10862168233765522, 0.6470433071795096, -0.14550325572669792], [0.09283696479666696, 0.9939566168757247, 0.0585793627167996, -0.029785206230231922], [-0.6494959655047923, 0.01586108114541612, 0.7601995901721444, 0.12097564412397334], [0.0, 0.0, 0.0, 1.0]], [[0.7920514244321439, -0.10023299004213942, 0.6021693190143651, -0.1337959780357778], [0.08745285572165287, 0.9948841371277064, 0.050572242562367205, -0.027157149626873434], [-0.6041577104375475, 0.01260560981751837, 0.7967650591736494, 0.11069839575793594], [0.0, 0.0, 0.0, 1.0]], [[0.8266709100363139, -0.09166073630421705, 0.5551698081847584, -0.1220887003448577], [0.08160296885183922, 0.995741605743336, 0.042890675749496586, -0.02452909302351495], [-0.5567370671818955, 0.009847030610873601, 0.8306304075904337, 0.10042114739189857], [0.0, 0.0, 0.0, 1.0]], [[0.8584139484993442, -0.08293483013817514, 0.5062087582921865, -0.11038142265393759], [0.075307714729811, 0.9965260309725023, 0.03556146364205036, -0.02190103642015647], [-0.5073994886910497, 0.007594968343811511, 0.8616774775586964, 0.0901438990258612], [0.0, 0.0, 0.0, 1.0]], [[0.8871697868010929, -0.07408571665916831, 0.4554569968442694, -0.09867414496301743], [0.06858905780636858, 0.9972346759170562, 0.02861017822101918, -0.019272979816797972], [-0.45631711619940146, 0.005857280572183762, 0.8897979443265537, 0.07986665065982378], [0.0, 0.0, 0.0, 1.0]], [[0.9128380944094856, -0.06514427085871724, 0.403091599229189, -0.08696686727209733], [0.06147043980548054, 0.9978650680799839, 0.02206107286262441, -0.016644923213439494], [-0.40366817861330095, 0.004640030173965861, 0.9148936942044168, 0.0695894022937864], [0.0, 0.0, 0.0, 1.0]], [[0.9353293133386702, -0.05614168988034654, 0.3492952708909623, -0.07525958958117722], [0.05397669793495721, 0.9984150079920692, 0.015936997717097195, -0.014016866610081011], [-0.34963637066164915, 0.003947464195578046, 0.9368771668884746, 0.059312153927749044], [0.0, 0.0, 0.0, 1.0]], [[0.9545649706212276, -0.04710938417121908, 0.29425570986117383, -0.0635523118902571], [0.04613397822821299, 0.9988825768859507, 0.010259319983382144, -0.011388810006722523], [-0.29441021197596656, 0.003781999033731805, 0.9556716609628932, 0.049034905561711646], [0.0, 0.0, 0.0, 1.0]], [[0.970477952104209, -0.0380788678895432, 0.23816495187132666, -0.05184503419933699], [0.037969644319471675, 0.9992661433907948, 0.005047849357930895, -0.00876075340336404], [-0.2381823893361418, 0.00414421200450304, 0.9712116015148234, 0.038757657195674276], [0.0, 0.0, 0.0, 1.0]], [[0.9830127366137115, -0.0290816489501269, 0.1812187003307426, -0.04013775650841689], [0.029512181970702666, 0.9995643692242284, 0.00032076891769824154, -0.006132696800005558], [-0.18114908437679184, 0.005032839329047944, 0.9834427689284914, 0.028480408829636903], [0.0, 0.0, 0.0, 1.0]], [[0.9921255896709806, -0.020149119091715757, 0.12361564350775647, -0.028430478817496732], [0.020791099683398564, 0.9997762138616725, -0.003905428321506344, -0.0035046401966470644], [-0.1235092890999048, 0.006444780542989455, 0.9923224880601008, 0.018203160463599485], [0.0, 0.0, 0.0, 1.0]], [[0.9977847160841548, -0.011312444349674853, 0.06555676129659072, -0.016723201126576628], [0.011836825741964388, 0.9999009381667828, -0.0076159969499607965, -0.0008765835932885821], [-0.06546411158197318, 0.008375109314089722, 0.9978197771335062, 0.007925912097562113], [0.0, 0.0, 0.0, 1.0]], [[0.999711209686372, -0.00410633718981218, 0.02367773684908494, -0.007525181281380371], [0.004249249440526888, 0.99997304008312, -0.005988571291639014, 0.00010914940503425919], [-0.023652507406258884, 0.006087454460316434, 0.9997017064062612, 0.0023843829694669746], [0.0, 0.0, 0.0, 1.0]]]}
