{"status": "ok", "video_path": "/home/caesar/camera_pose/Interpose/out_interpose_batch_300/pair_00000_5f0041e53d59/v1_A2B_p2_s2/samples_separate/00_start_sample0.mp4", "pair_dir": "/home/caesar/camera_pose/Interpose/out_interpose_batch_300/pair_00000_5f0041e53d59", "variant": "v1_A2B_p2_s2", "total_video_frames": 16, "selected_frame_indices": [0, 1, 14, 15], "selected_frame_paths": ["/home/caesar/camera_pose/PoseCrafter/outputs/pair_00000_5f0041e53d59/four_frames/00_start_f000.png", "/home/caesar/camera_pose/PoseCrafter/outputs/pair_00000_5f0041e53d59/four_frames/01_f001.png", "/home/caesar/camera_pose/PoseCrafter/outputs/pair_00000_5f0041e53d59/four_frames/02_f014.png", "/home/caesar/camera_pose/PoseCrafter/outputs/pair_00000_5f0041e53d59/four_frames/03_end_f015.png"], "c2w_poses": [[[0.2921755313873291, -0.14939382672309875, 0.9446244239807129, -0.25884145498275757], [0.09268137812614441, 0.9874979853630066, 0.12750767171382904, -0.056093744933605194], [-0.9518634080886841, 0.050294455140829086, 0.30236876010894775, 0.22239266335964203], [0.0, 0.0, 0.0, 1.0]], [[0.29614901542663574, -0.17341157793998718, 0.9392678737640381, -0.25555166602134705], [0.11788114905357361, 0.9824983477592468, 0.1442253291606903, -0.05448893830180168], [-0.9478394985198975, 0.06800978630781174, 0.3114079236984253, 0.21758177876472473], [0.0, 0.0, 0.0, 1.0]], [[0.9990765452384949, -0.007811534218490124, 0.04225091636180878, -0.012040290050208569], [0.008196796290576458, 0.9999263882637024, -0.00895288772881031, 0.00017463904805481434], [-0.042177870869636536, 0.009290941059589386, 0.9990670084953308, 0.003815012751147151], [0.0, 0.0, 0.0, 1.0]], [[0.9999710917472839, 0.002199446549639106, -0.007268243934959173, 0.0], [-0.002205947181209922, 0.9999971389770508, -0.0008864969131536782, 0.0], [0.007266273256391287, 0.0009025047183968127, 0.9999731183052063, 0.0], [0.0, 0.0, 0.0, 1.0]]], "T_wc_poses": [[[0.2921754633778667, 0.09268134954586008, -0.9518630885770077, 0.2925133334548918], [-0.14939376406038204, 0.9874976724955195, 0.05029444600573306, 0.0055380275093397], [0.9446240748967799, 0.12750764278720553, 0.3023686199654288, 0.18441568843912348], [0.0, 0.0, 0.0, 1.0]], [[0.2961490650467064, 0.11788115809677074, -0.9478395667215659, 0.2883372250246943], [-0.17341160413613296, 0.9824984344979687, 0.06800979350844731, -0.0055780196104361374], [0.9392679029094307, 0.144225325624393, 0.31140790422493864, 0.1801334765757295], [0.0, 0.0, 0.0, 1.0]], [[0.9990764420286679, 0.008196795222038492, -0.04217786179058351, 0.012188647744388067], [-0.0078115334104455906, 0.9999262646683521, 0.009290940397908268, -0.0003041243550735154], [0.042250913400549754, -0.008952885584741882, 0.9990668268742848, -0.003301175908128794], [0.0, 0.0, 0.0, 1.0]], [[0.9999712424804121, -0.0022059474574642585, 0.007266274682458523, 0.0], [0.002199446759826387, 0.9999972089345227, 0.000902504815314117, 0.0], [-0.007268244690209838, -0.0008864970129740115, 0.9999732677239319, 0.0], [0.0, 0.0, 0.0, 1.0]]]}
