{"pair_idx": 0, "rel_a": "Street/img_east/image_east_0266.png", "rel_b": "Street/img/image2_001121.png", "T_wc_gt_a": [[0.6221529606768799, 0.019603260631387183, -0.7826502448051816, 0.0], [0.03706001090036984, 0.9978283530098332, 0.054453039600633565, 0.0], [0.7820180618841596, -0.06288314640904671, 0.6200753670197205, 0.0], [0.0, 0.0, 0.0, 1.0]], "T_wc_gt_b": [[-0.3749636266490024, -0.15893139202535378, -0.9133143441987053, 0.0], [0.004306822412721206, 0.9848853325538267, -0.17315407301315056, 0.0], [0.9270295194711617, -0.06885996187351179, -0.36861168684653167, 0.0], [0.0, 0.0, 0.0, 1.0]], "T_wc_pred_a": [[0.5462279319763184, 0.17850494384765625, 0.8183953762054443, 0.05770384147763252], [-0.232054203748703, 0.9710362553596497, -0.05691659823060036, -0.005822906736284494], [-0.8048514723777771, -0.1588226556777954, 0.5718299150466919, -0.0296306274831295], [0.0, 0.0, 0.0, 1.0]], "T_wc_pred_b": [[1.0, 0.0, 0.0, 0.0], [0.0, 1.0, 0.0, 0.0], [0.0, 0.0, 1.0, 0.0], [0.0, 0.0, 0.0, 1.0]], "T_rel_gt_ba": [[0.4784053911050013, -0.22221514738955192, -0.8495579497787721, 0.0], [0.1575055438140237, 0.9734773545764921, -0.16593325102161827, 0.0], [0.8638983073426635, -0.05442672502911083, 0.5007169321813335, 0.0], [0.0, 0.0, 0.0, 1.0]], "T_rel_pred_ba": [[0.5462279334202628, -0.23205419361919297, -0.8048514746448124, -0.05671893423239382], [0.1785049432737072, 0.9710361942088916, -0.15882265142501795, -0.009352182573462407], [0.8183954237009459, -0.05691659604704667, 0.5718299475096322, -0.030612299667432605], [0.0, 0.0, 0.0, 1.0]]}
{"pair_idx": 1, "rel_a": "Street/img_south/image_south_1_0048.png", "rel_b": "Street/img/image1_000245.png", "T_wc_gt_a": [[-0.6953659029700263, -0.040271546044869266, -0.7175266291684484, 0.0], [0.004863029990919178, 0.9981421360356721, -0.06073406959403593, 0.0], [0.7186394171808194, -0.04572175466123052, -0.693878165980679, 0.0], [0.0, 0.0, 0.0, 1.0]], "T_wc_gt_b": [[0.3238364479680167, 0.01783095107013717, -0.9459450365382717, 0.0], [-0.01499045415058304, 0.9997935831308358, 0.013714131936212095, 0.0], [0.945994313540952, 0.0097390099260109, 0.32403689671678415, 0.0], [0.0, 0.0, 0.0, 1.0]], "T_wc_pred_a": [[1.0, 0.0, 0.0, 0.0], [0.0, 1.0, 0.0, 0.0], [0.0, 0.0, 1.0, 0.0], [0.0, 0.0, 0.0, 1.0]], "T_wc_pred_b": [[1.0, 0.0, 0.0, 0.0], [0.0, 1.0, 0.0, 0.0], [0.0, 0.0, 1.0, 0.0], [0.0, 0.0, 0.0, 1.0]], "T_rel_gt_ba": [[0.4528378494230002, 0.07682374162856373, 0.8882769809311393, 0.0], [-0.039679637492228956, 0.9970302885894231, -0.06600098486974734, 0.0], [-0.8907094972539797, -0.005358764547822828, 0.4545413899130453, 0.0], [0.0, 0.0, 0.0, 1.0]], "T_rel_pred_ba": [[1.0, 0.0, 0.0, 0.0], [0.0, 1.0, 0.0, 0.0], [0.0, 0.0, 1.0, 0.0], [0.0, 0.0, 0.0, 1.0]]}
{"pair_idx": 2, "rel_a": "StMarysChurch/seq10/frame00046.png", "rel_b": "StMarysChurch/seq4/frame00106.png", "T_wc_gt_a": [[0.6239600158391805, 0.07843105216310192, 0.777510429956125, -37.125891283212155], [-0.1582345096714972, 0.9870207759927061, 0.02741947679619694, 6.453899433414863], [-0.7652684095028296, -0.1401376388246395, 0.6282719981040572, 17.771264964933074], [0.0, 0.0, 0.0, 1.0]], "T_wc_gt_b": [[-0.2299918828073544, 0.005571381309802059, 0.9731765993657209, -8.237985137474022], [-0.5145089984557708, 0.848110208051452, -0.12644985372455886, 22.980580750069176], [-0.8260655085105344, -0.5297905573990759, -0.19219193776016907, 34.42989670145984], [0.0, 0.0, 0.0, 1.0]], "T_wc_pred_a": [[0.6095380783081055, -0.3682132065296173, -0.702055811882019, 0.010538479313254356], [0.0773182138800621, 0.9089781641960144, -0.4096103608608246, -0.0021131644025444984], [0.788977324962616, 0.19539141654968262, 0.5825263857841492, 0.037021201103925705], [0.0, 0.0, 0.0, 1.0]], "T_wc_pred_b": [[1.0, 0.0, 0.0, 0.0], [0.0, 1.0, 0.0, 0.0], [0.0, 0.0, 1.0, 0.0], [0.0, 0.0, 0.0, 1.0]], "T_rel_gt_ba": [[0.6135861866548511, 0.06857571509310849, 0.7866443687244109, 0.11970264259525365], [-0.3528309469953919, 0.9150482859404185, 0.19544041864424289, 0.5025642918030719], [-0.7064151147793294, -0.3974720187597749, 0.5856566228724268, 0.3609913624828067], [0.0, 0.0, 0.0, 1.0]], "T_rel_pred_ba": [[0.6095380922441278, 0.07731822613510395, 0.7889773200798638, -0.03546910648573168], [-0.3682131737031729, 0.9089780986570576, 0.195391404017608, -0.0014323973874009665], [-0.7020558207487108, -0.4096103650566368, 0.5825263706772631, -0.015032799215823773], [0.0, 0.0, 0.0, 1.0]]}
{"pair_idx": 3, "rel_a": "GreatCourt/seq3/frame00318.png", "rel_b": "GreatCourt/seq5/frame00368.png", "T_wc_gt_a": [[0.7107896205867701, 0.691063345026748, -0.13118524469831727, -28.6727132970258], [-0.13146842777101841, -0.05269609885248694, -0.9899187712459773, 5.683921900074869], [-0.6910095279846235, 0.7208707056928939, 0.05339717135108524, 12.784423891235079], [0.0, 0.0, 0.0, 1.0]], "T_wc_gt_b": [[-0.2477778534767059, 0.9621618039672442, -0.11336136164043908, -3.2440318945690936], [-0.1743246127637743, -0.15937809841109174, -0.971704456679923, 8.249240833176723], [-0.9530042312137109, -0.22100516901955636, 0.20721884700818394, 30.44879507895953], [0.0, 0.0, 0.0, 1.0]], "T_wc_pred_a": [[0.42967140674591064, -0.06938076764345169, -0.9003159403800964, 0.18972475826740265], [0.08268079161643982, 0.9958783388137817, -0.03728605434298515, -0.023081988096237183], [0.8991920351982117, -0.05841808766126633, 0.433636873960495, 0.20620781183242798], [0.0, 0.0, 0.0, 1.0]], "T_wc_pred_b": [[1.0, 0.0, 0.0, 0.0], [0.0, 1.0, 0.0, 0.0], [0.0, 0.0, 1.0, 0.0], [0.0, 0.0, 0.0, 1.0]], "T_rel_gt_ba": [[0.5036681662101974, 0.09409133112098955, 0.85875794014049, -0.316032272271062], [-0.10657520025326879, 0.9932252685614665, -0.046317303267548314, 0.14016585452859687], [-0.8572981424437082, -0.06819374823898983, 0.5102837521063007, -0.2683446220747854], [0.0, 0.0, 0.0, 1.0]], "T_rel_pred_ba": [[0.42967139879452104, 0.08268079647245793, 0.8991920972247314, -0.2650312998964663], [-0.06938076457132074, 0.9958783094891479, -0.05841808447086526, 0.04819636544180978], [-0.9003159430828475, -0.03728605254557018, 0.43363691275907085, 0.08053226953485189], [0.0, 0.0, 0.0, 1.0]]}
{"pair_idx": 4, "rel_a": "GreatCourt/seq2/frame00078.png", "rel_b": "GreatCourt/seq3/frame00541.png", "T_wc_gt_a": [[0.7212705681116355, 0.6888997248324018, -0.07201344806187104, -54.84508066031442], [-0.11310420433363871, 0.014566817533883558, -0.9934763443529943, 9.224976908281887], [-0.6833565734943751, 0.7247102710413148, 0.08842407200107416, 45.705890675911135], [0.0, 0.0, 0.0, 1.0]], "T_wc_gt_b": [[0.9777834867302567, -0.20825993150634375, -0.02381709483952625, -68.56847868742753], [-0.002740147659356665, 0.10091309087941225, -0.9948914713072821, 0.7091772909223751], [0.20959948632672482, 0.9728537140897067, 0.09810049089294404, -19.829641052865902], [0.0, 0.0, 0.0, 1.0]], "T_wc_pred_a": [[-0.4689616858959198, 0.2615407705307007, 0.8436061143875122, -0.47176721692085266], [-0.3392174243927002, 0.8285581469535828, -0.4454468786716461, 0.0392044261097908], [-0.8154792785644531, -0.495063453912735, -0.29984286427497864, 0.18412116169929504], [0.0, 0.0, 0.0, 1.0]], "T_wc_pred_b": [[1.0, 0.0, 0.0, 0.0], [0.0, 1.0, 0.0, 0.0], [0.0, 0.0, 1.0, 0.0], [0.0, 0.0, 0.0, 1.0]], "T_rel_gt_ba": [[0.5634913925779839, -0.08996338738478751, -0.8212088890293255, 0.7002460651811759], [0.13918817797602576, 0.9901810467447191, -0.012967103733927463, -0.198760126612626], [0.8143120419115997, -0.10699571766097411, 0.5704803369091475, -0.25591031837779354], [0.0, 0.0, 0.0, 1.0]], "T_rel_pred_ba": [[-0.46896173710601335, -0.3392174365797425, -0.8154792714918143, -0.05779495782056161], [0.2615407856093514, 0.8285581539301915, -0.4950634323858743, 0.1820548759005238], [0.8436061835200291, -0.44544688871174937, -0.2998428509350632, 0.47065664505219457], [0.0, 0.0, 0.0, 1.0]]}
{"pair_idx": 5, "rel_a": "Street/img_west/image_west_0422.png", "rel_b": "Street/img_south/image_south_1_0424.png", "T_wc_gt_a": [[-0.914466227807839, 0.14318746033592805, 0.37848232376353935, 0.0], [0.10483384154613551, 0.9872008458430636, -0.12018467303870171, 0.0], [-0.3908470082597299, -0.07022706863658, -0.9177727251150647, 0.0], [0.0, 0.0, 0.0, 1.0]], "T_wc_gt_b": [[-0.8698757855219126, 0.07414518838922389, -0.48766649341672275, 0.0], [-0.012602437718472012, 0.9849750979082318, 0.17223598655397526, 0.0], [0.49310982177014895, 0.15596970070945065, -0.8558715768936462, 0.0], [0.0, 0.0, 0.0, 1.0]], "T_wc_pred_a": [[0.6021691560745239, 0.24368330836296082, -0.7602701783180237, 0.017005298286676407], [0.01620730198919773, 0.9483522772789001, 0.3168047070503235, 0.002312540542334318], [0.7982040047645569, -0.20309194922447205, 0.5671190619468689, -0.010403339751064777], [0.0, 0.0, 0.0, 1.0]], "T_wc_pred_b": [[1.0, 0.0, 0.0, 0.0], [0.0, 1.0, 0.0, 0.0], [0.0, 0.0, 1.0, 0.0], [0.0, 0.0, 0.0, 1.0]], "T_rel_gt_ba": [[0.6215155418192081, 0.04061381049202976, 0.7823483557051129, 0.0], [0.21774886287186035, 0.9503469621009998, -0.22231977946960257, 0.0], [-0.7525316365410746, 0.308530663018635, 0.5818117960149083, 0.0], [0.0, 0.0, 0.0, 1.0]], "T_rel_pred_ba": [[0.6021691587253205, 0.016207303722041863, 0.7982039997385701, -0.001973558810161049], [0.24368332383011648, 0.9483523384549696, -0.20309195798827687, -0.008449845479975585], [-0.7602701826490401, 0.3168047104857655, 0.5671190597364615, 0.018095929755154873], [0.0, 0.0, 0.0, 1.0]]}
{"pair_idx": 6, "rel_a": "GreatCourt/seq1/frame00038.png", "rel_b": "GreatCourt/seq5/frame00265.png", "T_wc_gt_a": [[0.5251243921871135, 0.848915154090816, -0.05989519083433026, -59.47155594738458], [-0.018728913897463395, -0.05883497547710137, -0.9980920165219389, 3.8688858591190827], [-0.8508193700864691, 0.5252442353949018, -0.01499642190953776, 51.29597636703745], [0.0, 0.0, 0.0, 1.0]], "T_wc_gt_b": [[-0.40951140287942867, 0.9123012137287962, -0.002627991759434567, 9.446928410952676], [-0.018072840275210278, -0.010992463623717308, -0.9997762440605737, 2.648897500664328], [-0.9121259690174977, -0.4093722769954588, 0.02098941331825044, 78.60516247478853], [0.0, 0.0, 0.0, 1.0]], "T_wc_pred_a": [[0.5205061435699463, 0.03784134238958359, -0.8530189990997314, 0.08902209997177124], [-0.03473566472530365, 0.9991289377212524, 0.023127567023038864, -0.003680689027532935], [0.8531511425971985, 0.01759214513003826, 0.5213671326637268, 0.06647443771362305], [0.0, 0.0, 0.0, 1.0]], "T_wc_pred_b": [[1.0, 0.0, 0.0, 0.0], [0.0, 1.0, 0.0, 0.0], [0.0, 0.0, 1.0, 0.0], [0.0, 0.0, 0.0, 1.0]], "T_rel_gt_ba": [[0.5595793029670098, -0.04338253813832809, 0.8276405977691235, 0.43918977912402823], [0.04105963071405787, 0.9988539135022796, 0.024596060798547526, -0.03535310886486487], [-0.8277590896007005, 0.020219170750976963, 0.5607192476788736, 0.5361745253642454], [0.0, 0.0, 0.0, 1.0]], "T_rel_pred_ba": [[0.5205060860419016, -0.034735663548371785, 0.853151079269276, -0.10317713428241986], [0.03784134125207261, 0.9991288528264398, 0.01759213988840892, -0.0008606606655794558], [-0.8530190043443212, 0.023127563107072695, 0.5213671545548711, 0.041365080008936045], [0.0, 0.0, 0.0, 1.0]]}
{"pair_idx": 7, "rel_a": "StMarysChurch/seq5/frame00045.png", "rel_b": "StMarysChurch/seq6/frame00015.png", "T_wc_gt_a": [[0.986217773346622, 0.03974940835767281, -0.160606625238332, -16.45947697134334], [-0.007632125412454088, 0.9806080868512014, 0.19583036195573753, 2.967907242675435], [0.16527629653679812, -0.1919056136157605, 0.9673964964097393, 9.454587270891254], [0.0, 0.0, 0.0, 1.0]], "T_wc_gt_b": [[0.7277550637003174, -0.056039481697854755, 0.6835438126042708, -2.7732831536619194], [-0.01049812393746579, 0.9956291863768446, 0.09280254645415702, 1.593096594564345], [-0.6857567765996486, -0.07471345076770423, 0.7239858725293205, 18.579369611963653], [0.0, 0.0, 0.0, 1.0]], "T_wc_pred_a": [[1.0, 0.0, 0.0, 0.0], [0.0, 1.0, 0.0, 0.0], [0.0, 0.0, 1.0, 0.0], [0.0, 0.0, 0.0, 1.0]], "T_wc_pred_b": [[0.590343713760376, 0.06657674163579941, 0.8044015169143677, -0.05597918853163719], [0.011396012268960476, 0.995805561542511, -0.09078185260295868, -0.00589241785928607], [-0.8070714473724365, 0.06275947391986847, 0.5871089100837708, -0.035379741340875626], [0.0, 0.0, 0.0, 1.0]], "T_rel_gt_ba": [[0.605715777277181, 0.07335154538332352, 0.7922928422921529, -0.5120206707470709], [0.014317530888660642, 0.9945757109272337, -0.10302506269272384, -0.14899334501985528], [-0.795552264447002, 0.07374758317033614, 0.6013799867885375, -0.41968011848253184], [0.0, 0.0, 0.0, 1.0]], "T_rel_pred_ba": [[0.590343713760376, 0.06657674163579941, 0.8044015169143677, -0.05597918853163719], [0.011396012268960476, 0.995805561542511, -0.09078185260295868, -0.00589241785928607], [-0.8070714473724365, 0.06275947391986847, 0.5871089100837708, -0.035379741340875626], [0.0, 0.0, 0.0, 1.0]]}
{"pair_idx": 8, "rel_a": "StMarysChurch/seq4/frame00098.png", "rel_b": "StMarysChurch/seq10/frame00036.png", "T_wc_gt_a": [[-0.1979721321671113, -0.02007694810497801, 0.9800020158346602, -4.333836849102476], [-0.47176588822314547, 0.8783281641844713, -0.07730836118663367, 20.1200216581389], [-0.8592112555095134, -0.4776364225591746, -0.1833561186615793, 34.27366534601259], [0.0, 0.0, 0.0, 1.0]], "T_wc_gt_b": [[0.7751969667308705, -0.0021301933853697733, 0.631716016139688, -36.972048932398486], [-0.07256774753900866, 0.9930742180101115, 0.09239869880425908, 3.3095832180321363], [-0.6275377158293933, -0.11746939941851414, 0.7696735382042709, 15.03416539973959], [0.0, 0.0, 0.0, 1.0]], "T_wc_pred_a": [[1.0, 0.0, 0.0, 0.0], [0.0, 1.0, 0.0, 0.0], [0.0, 0.0, 1.0, 0.0], [0.0, 0.0, 0.0, 1.0]], "T_wc_pred_b": [[0.4438720941543579, -0.4586614966392517, -0.7698098421096802, 0.11224395781755447], [0.09005177766084671, 0.8775591254234314, -0.4709359407424927, 0.0426749661564827], [0.8915538787841797, 0.13971258699893951, 0.4308272898197174, 0.155774787068367], [0.0, 0.0, 0.0, 1.0]], "T_rel_gt_ba": [[0.4656583406807991, -0.4164194243463152, -0.7808694979197793, 0.1876660308648681], [0.08497940325615513, 0.8993368506975092, -0.4289192581357397, 0.28382828708641483], [0.8808750256288532, 0.13337200607537164, 0.4541707797941194, 0.6021890778368668], [0.0, 0.0, 0.0, 1.0]], "T_rel_pred_ba": [[0.4438720941543579, -0.4586614966392517, -0.7698098421096802, 0.11224395781755447], [0.09005177766084671, 0.8775591254234314, -0.4709359407424927, 0.0426749661564827], [0.8915538787841797, 0.13971258699893951, 0.4308272898197174, 0.155774787068367], [0.0, 0.0, 0.0, 1.0]]}
{"pair_idx": 9, "rel_a": "StMarysChurch/seq13/frame00261.png", "rel_b": "StMarysChurch/seq12/frame00163.png", "T_wc_gt_a": [[-0.015424123815724444, 0.03247901350877039, -0.9993533959946374, 10.428748054584974], [0.46674577649933535, 0.8841294140462241, 0.021530428196225304, 3.796221005650439], [0.8842570194940776, -0.4661118888204606, -0.028796363931456126, 9.814484916565181], [0.0, 0.0, 0.0, 1.0]], "T_wc_gt_b": [[0.7763044546296073, -0.00956470038708744, -0.6302855783125085, 14.624580793403254], [0.10061860014688331, 0.9889448847149912, 0.1089215878535305, -0.9420204384546482], [0.6222758962282804, -0.14797476643859925, 0.7686847061511842, -1.6093624150518202], [0.0, 0.0, 0.0, 1.0]], "T_wc_pred_a": [[0.5705548524856567, -0.05442337319254875, -0.8194542527198792, 0.10761822015047073], [0.45262590050697327, 0.853419303894043, 0.25846707820892334, -0.0712113156914711], [0.6852714419364929, -0.5183758735656738, 0.5115559697151184, -0.0020391331054270267], [0.0, 0.0, 0.0, 1.0]], "T_wc_pred_b": [[1.0, 0.0, 0.0, 0.0], [0.0, 1.0, 0.0, 0.0], [0.0, 0.0, 1.0, 0.0], [0.0, 0.0, 0.0, 1.0]], "T_rel_gt_ba": [[0.6175935650730644, 0.3403100741402521, 0.7090608167280145, -0.06710583946683535], [-0.07828315819529674, 0.9236636965292084, -0.3751228103661102, 0.049580532558136436], [-0.7825918064504079, 0.1761659137082275, 0.5970893026374131, 0.023201667325920772], [0.0, 0.0, 0.0, 1.0]], "T_rel_pred_ba": [[0.5705548468133004, 0.4526259233093316, 0.6852714394222401, -0.02777264991901794], [-0.05442337500772339, 0.853419352832438, -0.5183758736285962, 0.06557302429970377], [-0.8194542375784872, 0.25846709108287297, 0.5115559621117616, 0.10763711885953713], [0.0, 0.0, 0.0, 1.0]]}
{"pair_idx": 10, "rel_a": "Street/img_north/image_north_1_0426.png", "rel_b": "Street/img_east/image_east_0382.png", "T_wc_gt_a": [[0.9379825597602297, 0.049126418724936734, 0.3431840797136564, 0.0], [-0.04185209731740364, 0.9987150874208712, -0.028575795842917605, 0.0], [-0.344146944684653, 0.01244062462996603, 0.938833377827522, 0.0], [0.0, 0.0, 0.0, 1.0]], "T_wc_gt_b": [[0.7924943218910384, 0.06456534593053485, -0.6064520309763449, 0.0], [-0.08336856986371118, 0.9965147039422942, -0.0028506816169540303, 0.0], [0.6041543108588588, 0.052818187508396175, 0.7951149651081818, 0.0], [0.0, 0.0, 0.0, 1.0]], "T_wc_pred_a": [[0.4750779867172241, -0.020431993529200554, 0.8797064423561096, 0.016284145414829254], [0.04568354785442352, 0.9989548921585083, -0.0014693629927933216, -0.004462903831154108], [-0.8787569999694824, 0.04088617488741875, 0.47551485896110535, 0.01770903915166855], [0.0, 0.0, 0.0, 1.0]], "T_wc_pred_b": [[1.0, 0.0, 0.0, 0.0], [0.0, 1.0, 0.0, 0.0], [0.0, 0.0, 1.0, 0.0], [0.0, 0.0, 0.0, 1.0]], "T_rel_gt_ba": [[0.5383930347210127, 0.04864468504780214, -0.841288675057794, 0.0], [-0.03022137450015884, 0.99880487965896, 0.038411988919757285, 0.0], [0.842151772952607, 0.00474415282748601, 0.5392196994980153, 0.0], [0.0, 0.0, 0.0, 1.0]], "T_rel_pred_ba": [[0.47507798742148744, 0.04568354952472577, -0.8787570620866448, 0.008029585474936318], [-0.020431993493394564, 0.9989548699173564, 0.040886174758284044, 0.004066902199709091], [0.8797064595441616, -0.0014693643628737431, 0.47551490109290967, -0.0227527375420823], [0.0, 0.0, 0.0, 1.0]]}
{"pair_idx": 11, "rel_a": "GreatCourt/seq5/frame00094.png", "rel_b": "GreatCourt/seq1/frame00138.png", "T_wc_gt_a": [[0.8203117458379566, -0.5717182462631774, -0.015062753069754853, 1.4764159381114224], [0.027140556123988635, 0.065222401780056, -0.9975015932414952, -2.3479768226680933], [0.5712722904653824, 0.8178534619330027, 0.06901945342175664, -55.20660544090023], [0.0, 0.0, 0.0, 1.0]], "T_wc_gt_b": [[-0.029281560793314565, -0.9995710367790194, -0.0005767408638637783, 46.68954569456888], [0.01385165666437832, 0.00017116081857926346, -0.9999040465522813, 0.8113785524819327], [0.9994752232072388, -0.02928673994303238, 0.013840702957204742, -29.649688634974304], [0.0, 0.0, 0.0, 1.0]], "T_wc_pred_a": [[0.5995699763298035, 0.012862722389400005, 0.8002189993858337, -0.13601873815059662], [-0.048517704010009766, 0.9986160397529602, 0.020300492644309998, -0.0022059313487261534], [-0.7988503575325012, -0.05099635198712349, 0.5993642807006836, -0.08077938854694366], [0.0, 0.0, 0.0, 1.0]], "T_wc_pred_b": [[1.0, 0.0, 0.0, 0.0], [0.0, 1.0, 0.0, 0.0], [0.0, 0.0, 1.0, 0.0], [0.0, 0.0, 0.0, 1.0]], "T_rel_gt_ba": [[0.5474616792127607, -0.06541384168202573, -0.83427018351967, -0.32955049095500755], [0.026326128644742833, 0.9977929847093072, -0.06095977866981923, -0.25007741030898056], [0.8364165497789514, 0.011410038619205807, 0.5479755161269372, -0.6059287436509848], [0.0, 0.0, 0.0, 1.0]], "T_rel_pred_ba": [[0.5995699790106676, -0.048517701546650756, -0.7988503333274947, 0.016915083792483663], [0.012862721747813869, 0.998615967385056, -0.05099634965078758, -0.0001670044938036969], [0.8002189310038458, 0.02030048926390605, 0.5993642086738277, 0.15730582501861873], [0.0, 0.0, 0.0, 1.0]]}
{"pair_idx": 12, "rel_a": "GreatCourt/seq4/frame00130.png", "rel_b": "GreatCourt/seq1/frame00169.png", "T_wc_gt_a": [[-0.3639695851393232, -0.9311545242653559, -0.021849325702813893, 33.92853070226387], [0.05087109100899889, 0.003549752473919643, -0.998698919272935, -0.3472436441125515], [0.9300205767578817, -0.3646075303631737, 0.04607684461206407, -19.523522969981855], [0.0, 0.0, 0.0, 1.0]], "T_wc_gt_b": [[0.5974664302799968, -0.7995137203825341, -0.061738769088448775, 1.4509670783066697], [0.04059882877940124, 0.10705160387693502, -0.9934242241908119, -2.556035469942146], [0.8008655316532349, 0.5910311032656866, 0.09641906026469327, -38.652664961656534], [0.0, 0.0, 0.0, 1.0]], "T_wc_pred_a": [[1.0, 0.0, 0.0, 0.0], [0.0, 1.0, 0.0, 0.0], [0.0, 0.0, 1.0, 0.0], [0.0, 0.0, 0.0, 1.0]], "T_wc_pred_b": [[0.6258941888809204, 0.049326203763484955, 0.7783465385437012, -0.009895049035549164], [-0.08701006323099136, 0.9961839318275452, 0.006836445536464453, -0.007656198460608721], [-0.7750391364097595, -0.07200287282466888, 0.6277977228164673, 0.010747766122221947], [0.0, 0.0, 0.0, 1.0]], "T_rel_gt_ba": [[0.5283601596570446, 0.08921413530860975, 0.8443200694927956, 0.0395644917397715], [-0.09275267471244167, 0.9945770124883125, -0.04704792836577323, 0.017745737783806614], [-0.8439386725472829, -0.05345469381597829, 0.533769718781583, 0.38343776332917656], [0.0, 0.0, 0.0, 1.0]], "T_rel_pred_ba": [[0.6258941888809204, 0.049326203763484955, 0.7783465385437012, -0.009895049035549164], [-0.08701006323099136, 0.9961839318275452, 0.006836445536464453, -0.007656198460608721], [-0.7750391364097595, -0.07200287282466888, 0.6277977228164673, 0.010747766122221947], [0.0, 0.0, 0.0, 1.0]]}
{"pair_idx": 13, "rel_a": "Street/img/image2_002337.png", "rel_b": "Street/img/image2_002433.png", "T_wc_gt_a": [[-0.5511138912626905, 0.02431642752463943, 0.8340756501719337, 0.0], [-0.12323086433576404, 0.986242937471629, -0.11017723159706297, 0.0], [-0.8252803359661223, -0.16350406612610982, -0.5405356486189166, 0.0], [0.0, 0.0, 0.0, 1.0]], "T_wc_gt_b": [[-0.9995223360530772, -0.028984223115090045, 0.01072448327027614, 0.0], [-0.02980580221841219, 0.9957927760738348, -0.08665080076538566, 0.0], [-0.00816785682518052, -0.08692906262913654, -0.9961810197877208, 0.0], [0.0, 0.0, 0.0, 1.0]], "T_wc_pred_a": [[1.0, 0.0, 0.0, 0.0], [0.0, 1.0, 0.0, 0.0], [0.0, 0.0, 1.0, 0.0], [0.0, 0.0, 0.0, 1.0]], "T_wc_pred_b": [[0.472477525472641, 0.11660212278366089, 0.8735953569412231, -0.10626383125782013], [-0.044308558106422424, 0.993098795413971, -0.10858874768018723, 0.015100134536623955], [-0.8802282214164734, 0.012597993016242981, 0.4743833541870117, 0.06270488351583481], [0.0, 0.0, 0.0, 1.0]], "T_rel_gt_ba": [[0.5590908816218636, 0.0934049221723352, 0.8238282021157494, 0.0], [-0.031632808474553534, 0.9953135327016818, -0.09138017864346148, 0.0], [-0.8285027166613879, 0.025029824907073034, 0.5594253805020127, 0.0], [0.0, 0.0, 0.0, 1.0]], "T_rel_pred_ba": [[0.472477525472641, 0.11660212278366089, 0.8735953569412231, -0.10626383125782013], [-0.044308558106422424, 0.993098795413971, -0.10858874768018723, 0.015100134536623955], [-0.8802282214164734, 0.012597993016242981, 0.4743833541870117, 0.06270488351583481], [0.0, 0.0, 0.0, 1.0]]}
{"pair_idx": 14, "rel_a": "Street/img_east/image_east_0139.png", "rel_b": "Street/img_north/image_north_1_0205.png", "T_wc_gt_a": [[0.8319315597029204, 0.06080615435561039, -0.5515364825310723, 0.0], [-0.05729909861453965, 0.9980779044016057, 0.023607415005895322, 0.0], [0.551911852806431, 0.01196278971565561, 0.8338166455486431, 0.0], [0.0, 0.0, 0.0, 1.0]], "T_wc_gt_b": [[0.8471281017845989, 0.10570746793437971, 0.5207685766151067, 0.0], [-0.1076096407248524, 0.9938350384507457, -0.02668485657958421, 0.0], [-0.5203788469854345, -0.033434227529686986, 0.8532807322561565, 0.0], [0.0, 0.0, 0.0, 1.0]], "T_wc_pred_a": [[1.0, 0.0, 0.0, 0.0], [0.0, 1.0, 0.0, 0.0], [0.0, 0.0, 1.0, 0.0], [0.0, 0.0, 0.0, 1.0]], "T_wc_pred_b": [[-0.4206787347793579, 0.3643856942653656, 0.8308143019676208, -0.07511936128139496], [0.38324055075645447, 0.901443600654602, -0.2013109177350998, 0.039190080016851425], [-0.8222871422767639, 0.2337145358324051, -0.5188655257225037, 0.28332555294036865], [0.0, 0.0, 0.0, 1.0]], "T_rel_gt_ba": [[0.42395739863858506, 0.06925861134242434, 0.9030301040909561, 0.0], [-0.01437489756049732, 0.997460767429931, -0.06975227421538642, 0.0], [-0.9055680462890289, 0.01659102748512774, 0.42387645764687, 0.0], [0.0, 0.0, 0.0, 1.0]], "T_rel_pred_ba": [[-0.4206787347793579, 0.3643856942653656, 0.8308143019676208, -0.07511936128139496], [0.38324055075645447, 0.901443600654602, -0.2013109177350998, 0.039190080016851425], [-0.8222871422767639, 0.2337145358324051, -0.5188655257225037, 0.28332555294036865], [0.0, 0.0, 0.0, 1.0]]}
{"pair_idx": 15, "rel_a": "Street/img_south/image_south_1_0044.png", "rel_b": "Street/img/image1_000216.png", "T_wc_gt_a": [[-0.6426637392079573, -0.030141769959986204, -0.76555521813317, 0.0], [0.0004911558336064895, 0.9992093918853804, -0.039753615357543286, 0.0], [0.7661482082947093, -0.02592421400404765, -0.6421408397346167, 0.0], [0.0, 0.0, 0.0, 1.0]], "T_wc_gt_b": [[-0.996222895592838, -0.08674085285206355, 0.003995840727335819, 0.0], [-0.0868297209235148, 0.9955218727238043, -0.03737379419906602, 0.0], [-0.0007361120608389102, -0.037579587211493744, -0.9992933667167254, 0.0], [0.0, 0.0, 0.0, 1.0]], "T_wc_pred_a": [[1.0, 0.0, 0.0, 0.0], [0.0, 1.0, 0.0, 0.0], [0.0, 0.0, 1.0, 0.0], [0.0, 0.0, 0.0, 1.0]], "T_wc_pred_b": [[0.5994759202003479, -0.08808352053165436, -0.795531153678894, 0.012851906940340996], [0.06160719692707062, 0.9960553646087646, -0.06386176496744156, -0.007701875641942024], [0.798018217086792, -0.010726853273808956, 0.6025378108024597, 0.024160001426935196], [0.0, 0.0, 0.0, 1.0]], "T_rel_gt_ba": [[0.6397918172794311, -0.08732042463197698, -0.7635715906084872, 0.0], [0.054407225015844086, 0.9961779015680272, -0.0683333175954257, 0.0], [0.7666200391382678, 0.0021752860991680156, 0.6420973319692492, 0.0], [0.0, 0.0, 0.0, 1.0]], "T_rel_pred_ba": [[0.5994759202003479, -0.08808352053165436, -0.795531153678894, 0.012851906940340996], [0.06160719692707062, 0.9960553646087646, -0.06386176496744156, -0.007701875641942024], [0.798018217086792, -0.010726853273808956, 0.6025378108024597, 0.024160001426935196], [0.0, 0.0, 0.0, 1.0]]}
{"pair_idx": 16, "rel_a": "StMarysChurch/seq10/frame00046.png", "rel_b": "StMarysChurch/seq4/frame00105.png", "T_wc_gt_a": [[0.6239600158391805, 0.07843105216310192, 0.777510429956125, -37.125891283212155], [-0.1582345096714972, 0.9870207759927061, 0.02741947679619694, 6.453899433414863], [-0.7652684095028296, -0.1401376388246395, 0.6282719981040572, 17.771264964933074], [0.0, 0.0, 0.0, 1.0]], "T_wc_gt_b": [[-0.21577161897456199, 0.0008143162298500373, 0.9764435187629512, -8.602752183334252], [-0.4912592720795542, 0.8641311912953531, -0.10927768219696277, 21.711227400795583], [-0.8438642876914288, -0.5032659546597124, -0.1860549457538967, 34.78802862682707], [0.0, 0.0, 0.0, 1.0]], "T_wc_pred_a": [[1.0, 0.0, 0.0, 0.0], [0.0, 1.0, 0.0, 0.0], [0.0, 0.0, 1.0, 0.0], [0.0, 0.0, 0.0, 1.0]], "T_wc_pred_b": [[0.6397172808647156, 0.07765866816043854, 0.7646770477294922, -0.016946500167250633], [-0.3465517461299896, 0.917159378528595, 0.19677557051181793, -0.0058380719274282455], [-0.6860493421554565, -0.39088091254234314, 0.6136354207992554, 0.03448047116398811], [0.0, 0.0, 0.0, 1.0]], "T_rel_gt_ba": [[0.6246260249869412, 0.061719833772072616, 0.7784812078837616, 0.3541162972603722], [-0.323715962317223, 0.927653272159584, 0.18619178927291866, 0.3971392281057575], [-0.7106689135244676, -0.3683070305747155, 0.5994160713387553, 0.12844651290780007], [0.0, 0.0, 0.0, 1.0]], "T_rel_pred_ba": [[0.6397172808647156, 0.07765866816043854, 0.7646770477294922, -0.016946500167250633], [-0.3465517461299896, 0.917159378528595, 0.19677557051181793, -0.0058380719274282455], [-0.6860493421554565, -0.39088091254234314, 0.6136354207992554, 0.03448047116398811], [0.0, 0.0, 0.0, 1.0]]}
{"pair_idx": 17, "rel_a": "GreatCourt/seq3/frame00316.png", "rel_b": "GreatCourt/seq1/frame00187.png", "T_wc_gt_a": [[0.9606400902179102, 0.23721853006325969, -0.14456135742566775, -31.81400355761849], [-0.15900186582586015, 0.042810828798774625, -0.9863496538253852, 5.713087176609534], [-0.2277916234851942, 0.9705125459942229, 0.07884398732808451, -4.727639901825696], [0.0, 0.0, 0.0, 1.0]], "T_wc_gt_b": [[0.6575550919369029, -0.7474051589067223, -0.09490431764397428, -10.66985459600433], [-0.07484503654683528, 0.060541218719375234, -0.9953557059364635, 2.9984444627301534], [0.7496796126160523, 0.6616043298494878, -0.016130379792675953, -30.66533717590662], [0.0, 0.0, 0.0, 1.0]], "T_wc_pred_a": [[0.24827970564365387, 0.1368539184331894, 0.9589724540710449, -0.19423438608646393], [-0.03266654536128044, 0.9905897974967957, -0.13290856778621674, 0.04957147687673569], [-0.9681374430656433, 0.0016721828142181039, 0.2504138946533203, 0.11530561000108719], [0.0, 0.0, 0.0, 1.0]], "T_wc_pred_b": [[1.0, 0.0, 0.0, 0.0], [0.0, 1.0, 0.0, 0.0], [0.0, 0.0, 1.0, 0.0], [0.0, 0.0, 0.0, 1.0]], "T_rel_gt_ba": [[0.4680949266681327, -0.04294067994787071, -0.882634260400745, 0.2946659660949109], [0.08635232822369278, 0.9962610761921684, -0.0026727279640449265, 0.04129566572911969], [0.8794489269070168, -0.07496643295526802, 0.470052783091495, -0.03601582644255075], [0.0, 0.0, 0.0, 1.0]], "T_rel_pred_ba": [[0.24827970457900542, -0.03266654650386756, -0.9681374184213992, 0.16147546054724826], [0.13685392221506537, 0.9905898594715409, 0.001672182969969738, -0.02271607682554022], [0.9589724799891056, -0.13290857598402442, 0.25041389609998504, 0.16397977828305205], [0.0, 0.0, 0.0, 1.0]]}
{"pair_idx": 18, "rel_a": "GreatCourt/seq2/frame00106.png", "rel_b": "GreatCourt/seq5/frame00266.png", "T_wc_gt_a": [[0.4714564347594794, 0.8801606215643498, -0.05519157880816661, -55.93575073541638], [-0.1199485305729982, 0.001996812397835779, -0.9927781034821559, 9.92340590877917], [-0.8736939854075105, 0.4746717739530182, 0.1065153832788277, 54.17533623465563], [0.0, 0.0, 0.0, 1.0]], "T_wc_gt_b": [[-0.42177454934929637, 0.9067007226299961, 0.00017059730705987208, 11.01378330014592], [-0.026514477589248686, -0.01214580160762968, -0.9995746405253974, 3.270388372268194], [-0.9063129768459499, -0.42159966684705913, 0.029163485989872506, 77.60561822420057], [0.0, 0.0, 0.0, 1.0]], "T_wc_pred_a": [[1.0, 0.0, 0.0, 0.0], [0.0, 1.0, 0.0, 0.0], [0.0, 0.0, 1.0, 0.0], [0.0, 0.0, 0.0, 1.0]], "T_wc_pred_b": [[0.6281770467758179, 0.05590450391173363, 0.7760594487190247, 0.030910691246390343], [0.026462970301508904, 0.9953032732009888, -0.0931183323264122, 0.002121313475072384], [-0.7776203155517578, 0.07903163135051727, 0.6237472295761108, 0.018635600805282593], [0.0, 0.0, 0.0, 1.0]], "T_rel_gt_ba": [[0.5991845307596402, 0.052232383400648806, 0.798905298657255, 0.7303335407621905], [0.03197742518109637, 0.9955119356481711, -0.08906980555058532, 0.005587295945534532], [-0.7999720884988034, 0.07891618405827373, 0.594825094894746, -0.14938795727492504], [0.0, 0.0, 0.0, 1.0]], "T_rel_pred_ba": [[0.6281770467758179, 0.05590450391173363, 0.7760594487190247, 0.030910691246390343], [0.026462970301508904, 0.9953032732009888, -0.0931183323264122, 0.002121313475072384], [-0.7776203155517578, 0.07903163135051727, 0.6237472295761108, 0.018635600805282593], [0.0, 0.0, 0.0, 1.0]]}
{"pair_idx": 19, "rel_a": "Street/img_west/image_west_0423.png", "rel_b": "Street/img_south/image_south_1_0425.png", "T_wc_gt_a": [[-0.9428689986681802, 0.10540061326759617, 0.31605183447225593, 0.0], [0.0752192535685623, 0.9914898756641405, -0.10625389568432564, 0.0], [-0.32456141983151965, -0.07641032115049548, -0.942773221712744, 0.0], [0.0, 0.0, 0.0, 1.0]], "T_wc_gt_b": [[-0.8234191899709995, 0.04613086807208939, -0.5655552851829947, 0.0], [-0.026154414484537765, 0.9925450694668735, 0.1190387822517113, 0.0], [0.5668304721788288, 0.1128105849994353, -0.8160741312660333, 0.0], [0.0, 0.0, 0.0, 1.0]], "T_wc_pred_a": [[1.0, 0.0, 0.0, 0.0], [0.0, 1.0, 0.0, 0.0], [0.0, 0.0, 1.0, 0.0], [0.0, 0.0, 0.0, 1.0]], "T_wc_pred_b": [[0.6813969016075134, 0.007602878380566835, 0.7318746447563171, 0.0014055946376174688], [0.18215763568878174, 0.9667208790779114, -0.1796366572380066, 0.007969606667757034], [-0.7088842391967773, 0.2557204067707062, 0.6573356986045837, -0.035217370837926865], [0.0, 0.0, 0.0, 1.0]], "T_rel_gt_ba": [[0.6024938635399196, 0.04389376408097894, 0.796915605237809, 0.0], [0.1668974711173227, 0.969482737629954, -0.17957854986654861, 0.0], [-0.7804783011278293, 0.24119817352611403, 0.5767816420069931, 0.0], [0.0, 0.0, 0.0, 1.0]], "T_rel_pred_ba": [[0.6813969016075134, 0.007602878380566835, 0.7318746447563171, 0.0014055946376174688], [0.18215763568878174, 0.9667208790779114, -0.1796366572380066, 0.007969606667757034], [-0.7088842391967773, 0.2557204067707062, 0.6573356986045837, -0.035217370837926865], [0.0, 0.0, 0.0, 1.0]]}
{"pair_idx": 20, "rel_a": "GreatCourt/seq1/frame00188.png", "rel_b": "GreatCourt/seq3/frame00316.png", "T_wc_gt_a": [[0.624963937500977, -0.7741911305653207, -0.10024056153706123, -9.659796735286008], [-0.04157014653391644, 0.09521965151204181, -0.9945879251645247, 1.5892713664053972], [0.7795460215666703, 0.625748600733486, 0.02732560959357766, -31.19046019169949], [0.0, 0.0, 0.0, 1.0]], "T_wc_gt_b": [[0.9606400902179102, 0.23721853006325969, -0.14456135742566775, -31.81400355761849], [-0.15900186582586015, 0.042810828798774625, -0.9863496538253852, 5.713087176609534], [-0.2277916234851942, 0.9705125459942229, 0.07884398732808451, -4.727639901825696], [0.0, 0.0, 0.0, 1.0]], "T_wc_pred_a": [[1.0, 0.0, 0.0, 0.0], [0.0, 1.0, 0.0, 0.0], [0.0, 0.0, 1.0, 0.0], [0.0, 0.0, 0.0, 1.0]], "T_wc_pred_b": [[0.5110309720039368, 0.1376674473285675, 0.8484662771224976, -0.02835756354033947], [-0.06444958597421646, 0.9904493093490601, -0.12188686430454254, 0.0008412031456828117], [-0.8571426868438721, 0.007604668848216534, 0.515022873878479, -0.03823310136795044], [0.0, 0.0, 0.0, 1.0]], "T_rel_gt_ba": [[0.43120384296806913, 0.12643289698907123, 0.8933520965266268, 0.014464737855860221], [-0.03364195291335081, 0.991697618745645, -0.12411306127234571, -0.059107376801426526], [-0.9016271207177304, 0.023463919816774995, 0.4318772738326102, -0.00401423771285625], [0.0, 0.0, 0.0, 1.0]], "T_rel_pred_ba": [[0.5110309720039368, 0.1376674473285675, 0.8484662771224976, -0.02835756354033947], [-0.06444958597421646, 0.9904493093490601, -0.12188686430454254, 0.0008412031456828117], [-0.8571426868438721, 0.007604668848216534, 0.515022873878479, -0.03823310136795044], [0.0, 0.0, 0.0, 1.0]]}
{"pair_idx": 21, "rel_a": "StMarysChurch/seq5/frame00043.png", "rel_b": "StMarysChurch/seq6/frame00017.png", "T_wc_gt_a": [[0.9611720257772318, 0.014447238946370412, -0.2755714320282834, -16.268318507258556], [0.031266919658788306, 0.9864956885725306, 0.1607751105204396, 1.7106616817421656], [0.2741727860279777, -0.16314880849897487, 0.947740338746337, 7.1037667977951475], [0.0, 0.0, 0.0, 1.0]], "T_wc_gt_b": [[0.8225005839902235, -0.002767190690324682, 0.5687575335689407, -4.436420872869659], [-0.058822407280501365, 0.9942119954871453, 0.089902349419775, 2.155015250885246], [-0.5657143393422762, -0.10740042218330371, 0.8175771740804534, 17.280019926347464], [0.0, 0.0, 0.0, 1.0]], "T_wc_pred_a": [[0.590437114238739, -0.06617015600204468, -0.8043664693832397, 0.03469620645046234], [0.1251785159111023, 0.9920810461044312, 0.010273789055645466, -0.004559175577014685], [0.7973169684410095, -0.10675543546676636, 0.5940446257591248, 0.09248145669698715], [0.0, 0.0, 0.0, 1.0]], "T_wc_pred_b": [[1.0, 0.0, 0.0, 0.0], [0.0, 1.0, 0.0, 0.0], [0.0, 0.0, 1.0, 0.0], [0.0, 0.0, 0.0, 1.0]], "T_rel_gt_ba": [[0.6337912462492586, 0.11442929331234453, 0.7649931980154131, 0.2442139002863355], [-0.06694935327705687, 0.9934007117565967, -0.09312792265089428, 0.028048360576764075], [-0.7706013497740549, 0.007807862289035455, 0.6372696423123261, 0.20326018896451714], [0.0, 0.0, 0.0, 1.0]], "T_rel_pred_ba": [[0.5904371981539192, 0.1251785186061414, 0.7973169122974214, -0.09365224957679441], [-0.06617015846959247, 0.9920810320904673, -0.10675542753287162, 0.016691822539596786], [-0.8043665412486447, 0.010273783088858972, 0.5940445534619679, -0.026982798089124477], [0.0, 0.0, 0.0, 1.0]]}
{"pair_idx": 22, "rel_a": "StMarysChurch/seq4/frame00097.png", "rel_b": "StMarysChurch/seq10/frame00036.png", "T_wc_gt_a": [[-0.10495151798177305, -0.035715104716144586, 0.993835806443115, -7.2511613708606255], [-0.49165289258724054, 0.8705467360802025, -0.02063524922809462, 20.059638068038844], [-0.8644435274116646, -0.49078794972495104, -0.10892463596844393, 33.39629761476615], [0.0, 0.0, 0.0, 1.0]], "T_wc_gt_b": [[0.7751969667308705, -0.0021301933853697733, 0.631716016139688, -36.972048932398486], [-0.07256774753900866, 0.9930742180101115, 0.09239869880425908, 3.3095832180321363], [-0.6275377158293933, -0.11746939941851414, 0.7696735382042709, 15.03416539973959], [0.0, 0.0, 0.0, 1.0]], "T_wc_pred_a": [[1.0, 0.0, 0.0, 0.0], [0.0, 1.0, 0.0, 0.0], [0.0, 0.0, 1.0, 0.0], [0.0, 0.0, 0.0, 1.0]], "T_wc_pred_b": [[0.5558725595474243, -0.45305198431015015, -0.6969573497772217, 0.010108446702361107], [0.09113148599863052, 0.8665868639945984, -0.49063462018966675, 0.037862904369831085], [0.826257050037384, 0.20921556651592255, 0.5229991674423218, 0.0022457309532910585], [0.0, 0.0, 0.0, 1.0]], "T_rel_gt_ba": [[0.5465399780297717, -0.396017881351362, -0.7378779642089839, -0.42263189159713477], [0.06397748091402766, 0.8982889919820186, -0.4347226343541636, 0.2722686733449766], [0.8349855893074511, 0.19038572565690715, 0.5162870723880089, 0.02763517602632959], [0.0, 0.0, 0.0, 1.0]], "T_rel_pred_ba": [[0.5558725595474243, -0.45305198431015015, -0.6969573497772217, 0.010108446702361107], [0.09113148599863052, 0.8665868639945984, -0.49063462018966675, 0.037862904369831085], [0.826257050037384, 0.20921556651592255, 0.5229991674423218, 0.0022457309532910585], [0.0, 0.0, 0.0, 1.0]]}
{"pair_idx": 23, "rel_a": "StMarysChurch/seq13/frame00050.png", "rel_b": "StMarysChurch/seq4/frame00062.png", "T_wc_gt_a": [[0.962051425174457, 0.059288076672882176, 0.266349355704546, -28.830505308926575], [-0.07452006431033507, 0.9960904188470391, 0.04744088422778116, 4.4050191129219405], [-0.26249536250185423, -0.06548894139899236, 0.962708358340915, 20.582912094022532], [0.0, 0.0, 0.0, 1.0]], "T_wc_gt_b": [[0.3973480489366674, 0.035642447328371574, 0.9169755416338365, -2.558544339654058], [-0.4820782090227829, 0.8583641913525573, 0.1755320921913044, 19.483980396565546], [-0.7808425759342339, -0.5118012611865222, 0.35825178388428913, 30.076940920146775], [0.0, 0.0, 0.0, 1.0]], "T_wc_pred_a": [[1.0, 0.0, 0.0, 0.0], [0.0, 1.0, 0.0, 0.0], [0.0, 0.0, 1.0, 0.0], [0.0, 0.0, 0.0, 1.0]], "T_wc_pred_b": [[0.5937255024909973, 0.08377593755722046, 0.8002946376800537, -0.0458715446293354], [-0.4412209987640381, 0.8656137585639954, 0.236721009016037, -0.022061653435230255], [-0.6729145646095276, -0.49365413188934326, 0.5509006977081299, 0.012403168715536594], [0.0, 0.0, 0.0, 1.0]], "T_rel_gt_ba": [[0.6286182736308238, 0.04939482863806231, 0.7761438120356426, -0.6280468841316842], [-0.36614040638512624, 0.8992602436905657, 0.2393161443148357, 0.040885744406175206], [-0.6861342936113435, -0.4346161122432084, 0.583376864564461, 0.20224008574672325], [0.0, 0.0, 0.0, 1.0]], "T_rel_pred_ba": [[0.5937255024909973, 0.08377593755722046, 0.8002946376800537, -0.0458715446293354], [-0.4412209987640381, 0.8656137585639954, 0.236721009016037, -0.022061653435230255], [-0.6729145646095276, -0.49365413188934326, 0.5509006977081299, 0.012403168715536594], [0.0, 0.0, 0.0, 1.0]]}
