{"pair_idx": 2460, "rel_a": "GreatCourt/seq1/frame00038.png", "rel_b": "GreatCourt/seq3/frame00516.png", "T_wc_gt_a": [[0.5251243921871135, 0.848915154090816, -0.05989519083433026, -59.47155594738458], [-0.018728913897463395, -0.05883497547710137, -0.9980920165219389, 3.8688858591190827], [-0.8508193700864691, 0.5252442353949018, -0.01499642190953776, 51.29597636703745], [0.0, 0.0, 0.0, 1.0]], "T_wc_gt_b": [[-0.31670233536636827, 0.9478816120943534, -0.03492964681896926, 0.8115060387392928], [-0.08322016729470266, -0.06445069416083538, -0.9944448259092246, 8.967573927413595], [-0.9448672047059998, -0.3120361477066337, 0.09929455169078483, 78.67108496270615], [0.0, 0.0, 0.0, 1.0]], "T_wc_pred_a": [[1.0, 0.0, 0.0, 0.0], [0.0, 1.0, 0.0, 0.0], [0.0, 0.0, 1.0, 0.0], [0.0, 0.0, 0.0, 1.0]], "T_wc_pred_b": [[0.6115317940711975, -0.0017018801299855113, 0.7912180423736572, -0.10189231485128403], [-0.05029718577861786, 0.9978915452957153, 0.04102108255028725, 0.0011566895991563797], [-0.7896195650100708, -0.06488173454999924, 0.610156774520874, -0.009477164596319199], [0.0, 0.0, 0.0, 1.0]], "T_rel_gt_ba": [[0.6404550612894234, -0.014974099002620037, 0.7678496537915611, -0.429299566446658], [-0.0388516481111008, 0.9978980199697763, 0.05186608891608247, 0.13573075353213504], [-0.7670122971033854, -0.0630501237069328, 0.6385270691151066, 0.5457345081734672], [0.0, 0.0, 0.0, 1.0]], "T_rel_pred_ba": [[0.6115317940711975, -0.0017018801299855113, 0.7912180423736572, -0.10189231485128403], [-0.05029718577861786, 0.9978915452957153, 0.04102108255028725, 0.0011566895991563797], [-0.7896195650100708, -0.06488173454999924, 0.610156774520874, -0.009477164596319199], [0.0, 0.0, 0.0, 1.0]]}
{"pair_idx": 2461, "rel_a": "GreatCourt/seq1/frame00039.png", "rel_b": "GreatCourt/seq5/frame00264.png", "T_wc_gt_a": [[0.5412433181273673, 0.8397138636374057, -0.04400338393371522, -61.06057719014211], [-0.020131838562922444, -0.039375449330279144, -0.9990216629613772, 3.576492334442512], [-0.8406249934772068, 0.5415996687639121, -0.004406714906480369, 49.64553106600951], [0.0, 0.0, 0.0, 1.0]], "T_wc_gt_b": [[-0.3033787966815331, 0.9527160356192195, 0.017130709210741724, -0.14013847448704186], [-0.04495279866514218, 0.003648045986832882, -0.9989824511234664, 4.2827112831874725], [-0.9518090941025075, -0.3038401672499475, 0.041720512332519055, 79.07772225550781], [0.0, 0.0, 0.0, 1.0]], "T_wc_pred_a": [[1.0, 0.0, 0.0, 0.0], [0.0, 1.0, 0.0, 0.0], [0.0, 0.0, 1.0, 0.0], [0.0, 0.0, 0.0, 1.0]], "T_wc_pred_b": [[0.6261192560195923, -0.02723628655076027, 0.7792514562606812, -0.05954514071345329], [0.012011967599391937, 0.999608039855957, 0.025286685675382614, 0.005182152613997459], [-0.7796347737312317, -0.006472138687968254, 0.6262010335922241, -0.004730123095214367], [0.0, 0.0, 0.0, 1.0]], "T_rel_gt_ba": [[0.6350533074792688, -0.04851999863188573, 0.7709429981473355, 0.5362398652339503], [0.022691521221527226, 0.9987664486263669, 0.04416645744144942, -0.09647911609935367], [-0.7721349568076128, -0.010554185474787044, 0.6353709291781214, 0.42513588464460383], [0.0, 0.0, 0.0, 1.0]], "T_rel_pred_ba": [[0.6261192560195923, -0.02723628655076027, 0.7792514562606812, -0.05954514071345329], [0.012011967599391937, 0.999608039855957, 0.025286685675382614, 0.005182152613997459], [-0.7796347737312317, -0.006472138687968254, 0.6262010335922241, -0.004730123095214367], [0.0, 0.0, 0.0, 1.0]]}
{"pair_idx": 2466, "rel_a": "GreatCourt/seq5/frame00202.png", "rel_b": "GreatCourt/seq3/frame00200.png", "T_wc_gt_a": [[-0.034182210942029556, 0.9993992962943293, -0.00571165663480222, -63.415189894362065], [-0.0693743376860555, -0.00807392719404687, -0.9975580248638605, 6.291485380167262], [-0.9970049035615299, -0.03370249643668127, 0.06960864894680663, 76.73259027443287], [0.0, 0.0, 0.0, 1.0]], "T_wc_gt_b": [[-0.7953787626734283, 0.6052698598016403, -0.03195341458731943, 20.05524549820734], [-0.016714772551828294, -0.07460221300838388, -0.997073280252155, 6.952639295376264], [-0.6058821999915718, -0.7925168178846141, 0.0694539639143692, 97.75491649513847], [0.0, 0.0, 0.0, 1.0]], "T_wc_pred_a": [[1.0, 0.0, 0.0, 0.0], [0.0, 1.0, 0.0, 0.0], [0.0, 0.0, 1.0, 0.0], [0.0, 0.0, 0.0, 1.0]], "T_wc_pred_b": [[0.41150417923927307, 0.13257832825183868, 0.9017135500907898, -0.2015192061662674], [-0.09336544573307037, 0.9902904629707336, -0.1029936671257019, 0.014355339109897614], [-0.9066130518913269, -0.04180656746029854, 0.41988685727119446, -0.024991575628519058], [0.0, 0.0, 0.0, 1.0]], "T_rel_gt_ba": [[0.6322765835308726, 0.08216735523261644, 0.7703731872622547, 0.5215002577995449], [-0.06829111108482776, 0.9964003612045707, -0.05022593292514105, 0.20707314481899708], [-0.7717270541229766, -0.02085295963354024, 0.6356119161950904, 0.1747461630358771], [0.0, 0.0, 0.0, 1.0]], "T_rel_pred_ba": [[0.41150417923927307, 0.13257832825183868, 0.9017135500907898, -0.2015192061662674], [-0.09336544573307037, 0.9902904629707336, -0.1029936671257019, 0.014355339109897614], [-0.9066130518913269, -0.04180656746029854, 0.41988685727119446, -0.024991575628519058], [0.0, 0.0, 0.0, 1.0]]}
{"pair_idx": 2467, "rel_a": "StMarysChurch/seq5/frame00043.png", "rel_b": "StMarysChurch/seq6/frame00017.png", "T_wc_gt_a": [[0.9611720257772318, 0.014447238946370412, -0.2755714320282834, -16.268318507258556], [0.031266919658788306, 0.9864956885725306, 0.1607751105204396, 1.7106616817421656], [0.2741727860279777, -0.16314880849897487, 0.947740338746337, 7.1037667977951475], [0.0, 0.0, 0.0, 1.0]], "T_wc_gt_b": [[0.8225005839902235, -0.002767190690324682, 0.5687575335689407, -4.436420872869659], [-0.058822407280501365, 0.9942119954871453, 0.089902349419775, 2.155015250885246], [-0.5657143393422762, -0.10740042218330371, 0.8175771740804534, 17.280019926347464], [0.0, 0.0, 0.0, 1.0]], "T_wc_pred_a": [[0.5904366970062256, -0.0661778450012207, -0.8043662309646606, 0.03469335287809372], [0.12517139315605164, 0.9920820593833923, 0.010258916765451431, -0.004552215803414583], [0.7973183989524841, -0.10674087703227997, 0.5940452218055725, 0.09248165041208267], [0.0, 0.0, 0.0, 1.0]], "T_wc_pred_b": [[1.0, 0.0, 0.0, 0.0], [0.0, 1.0, 0.0, 0.0], [0.0, 0.0, 1.0, 0.0], [0.0, 0.0, 0.0, 1.0]], "T_rel_gt_ba": [[0.6337912462492586, 0.11442929331234453, 0.7649931980154131, 0.2442139002863355], [-0.06694935327705687, 0.9934007117565967, -0.09312792265089428, 0.028048360576764075], [-0.7706013497740549, 0.007807862289035455, 0.6372696423123261, 0.20326018896451714], [0.0, 0.0, 0.0, 1.0]], "T_rel_pred_ba": [[0.590436670757753, 0.12517139337008945, 0.7973184181755062, -0.09365174379255271], [-0.06617784693470807, 0.9920821242719596, -0.1067408859158857, 0.016683676616763163], [-0.8043662079815806, 0.01025891776020319, 0.5940452454352251, -0.02698542321302731], [0.0, 0.0, 0.0, 1.0]]}
{"pair_idx": 2469, "rel_a": "GreatCourt/seq5/frame00351.png", "rel_b": "GreatCourt/seq3/frame00336.png", "T_wc_gt_a": [[0.3524679568670188, -0.9357766218098482, 0.009404969757402126, -10.577058442155884], [0.12979419092856098, 0.038930306919987334, -0.9907764123172873, -3.164761931699951], [0.9267792657279237, 0.35043764820187867, 0.13518005525796517, -33.440210903382514], [0.0, 0.0, 0.0, 1.0]], "T_wc_gt_b": [[0.9475798346234663, -0.31196110757554785, -0.06908490700002252, -32.553526500569234], [-0.035848785777422676, 0.11105017018597507, -0.9931680241831945, 2.53127289932761], [0.3175016875124426, 0.9435826021403232, 0.09404547498337068, -13.453640878996564], [0.0, 0.0, 0.0, 1.0]], "T_wc_pred_a": [[1.0, 0.0, 0.0, 0.0], [0.0, 1.0, 0.0, 0.0], [0.0, 0.0, 1.0, 0.0], [0.0, 0.0, 0.0, 1.0]], "T_wc_pred_b": [[0.6442437171936035, 0.180138498544693, 0.7433035373687744, -0.03335224837064743], [-0.12836392223834991, 0.9835482239723206, -0.12710456550121307, 0.006013736128807068], [-0.75397127866745, -0.01352703757584095, 0.6567680239677429, 0.02033303678035736], [0.0, 0.0, 0.0, 1.0]], "T_rel_gt_ba": [[0.6252676982001972, 0.17929331261291312, 0.759535524935941, 0.02641527812147615], [-0.12589441661863368, 0.9836777048915798, -0.12856425927717427, 0.013570105848192071], [-0.7701888738820374, -0.01523420334388595, 0.6376339213034361, -0.32557342880989815], [0.0, 0.0, 0.0, 1.0]], "T_rel_pred_ba": [[0.6442437171936035, 0.180138498544693, 0.7433035373687744, -0.03335224837064743], [-0.12836392223834991, 0.9835482239723206, -0.12710456550121307, 0.006013736128807068], [-0.75397127866745, -0.01352703757584095, 0.6567680239677429, 0.02033303678035736], [0.0, 0.0, 0.0, 1.0]]}
{"pair_idx": 2470, "rel_a": "GreatCourt/seq1/frame00091.png", "rel_b": "GreatCourt/seq3/frame00236.png", "T_wc_gt_a": [[-0.7666415546396235, 0.6405362728722234, -0.04442983045996762, 15.761863698574576], [-0.06813266423249165, -0.1499623272594366, -0.9863413407474696, 12.459787447120851], [-0.6384502069576948, -0.7531431361553355, 0.1586087945158854, 75.87498174117427], [0.0, 0.0, 0.0, 1.0]], "T_wc_gt_b": [[-0.9806368746523555, -0.1887970669465479, -0.05202871884296942, 69.7630388523559], [0.06322391877305235, -0.0537639671889385, -0.996550135179904, -0.1349946231742084], [0.1853484722543958, -0.9805432694911975, 0.06465941917829177, 37.27272305775206], [0.0, 0.0, 0.0, 1.0]], "T_wc_pred_a": [[1.0, 0.0, 0.0, 0.0], [0.0, 1.0, 0.0, 0.0], [0.0, 0.0, 1.0, 0.0], [0.0, 0.0, 0.0, 1.0]], "T_wc_pred_b": [[0.6299138069152832, 0.15748733282089233, 0.7605302929878235, 0.01942470297217369], [-0.03582611307501793, 0.9840751886367798, -0.17410482466220856, 0.009807390160858631], [-0.7758383750915527, 0.08242418617010117, 0.625524640083313, 0.18782813847064972], [0.0, 0.0, 0.0, 1.0]], "T_rel_gt_ba": [[0.6331772356865167, 0.14644392675469659, 0.7600268182933063, 0.2913044053321556], [-0.03863130098570835, 0.9866935520685453, -0.15793497678002924, 0.16322822271989368], [-0.7730421791807566, 0.07064000724109393, 0.6304092151804613, 0.7448613524755885], [0.0, 0.0, 0.0, 1.0]], "T_rel_pred_ba": [[0.6299138069152832, 0.15748733282089233, 0.7605302929878235, 0.01942470297217369], [-0.03582611307501793, 0.9840751886367798, -0.17410482466220856, 0.009807390160858631], [-0.7758383750915527, 0.08242418617010117, 0.625524640083313, 0.18782813847064972], [0.0, 0.0, 0.0, 1.0]]}
{"pair_idx": 2473, "rel_a": "GreatCourt/seq5/frame00350.png", "rel_b": "GreatCourt/seq3/frame00337.png", "T_wc_gt_a": [[0.5650248310781751, -0.8249739869826149, -0.012839823483517587, -18.612576097006038], [0.09495997161692699, 0.08048096577953179, -0.9922224639352337, -2.0048406833100785], [0.8195910834407558, 0.5594110608034151, 0.12381325048316061, -30.448333595468863], [0.0, 0.0, 0.0, 1.0]], "T_wc_gt_b": [[0.9956515715001809, -0.07515192887986523, -0.055046668880649116, -35.380519676357615], [-0.04721724589450339, 0.1022527755047995, -0.9936372082363376, 2.977556187247883], [0.08030242748110512, 0.991915599981773, 0.09825966951624199, -4.92754694341706], [0.0, 0.0, 0.0, 1.0]], "T_wc_pred_a": [[1.0, 0.0, 0.0, 0.0], [0.0, 1.0, 0.0, 0.0], [0.0, 0.0, 1.0, 0.0], [0.0, 0.0, 0.0, 1.0]], "T_wc_pred_b": [[0.6896961331367493, 0.1538744568824768, 0.7075604796409607, 0.010259093716740608], [-0.1195153146982193, 0.9879487156867981, -0.09835316985845566, -0.004878552630543709], [-0.7141675353050232, -0.016730505973100662, 0.6997748613357544, -0.014071951620280743], [0.0, 0.0, 0.0, 1.0]], "T_rel_gt_ba": [[0.625273036908849, 0.14311728658174433, 0.7671708229568328, -0.09657719476153659], [-0.09827666991334141, 0.9896548128102785, -0.10452295265728533, -0.05007530981128383], [-0.7741933385566744, -0.010039609700174442, 0.6328695606296283, -0.08758368460105626], [0.0, 0.0, 0.0, 1.0]], "T_rel_pred_ba": [[0.6896961331367493, 0.1538744568824768, 0.7075604796409607, 0.010259093716740608], [-0.1195153146982193, 0.9879487156867981, -0.09835316985845566, -0.004878552630543709], [-0.7141675353050232, -0.016730505973100662, 0.6997748613357544, -0.014071951620280743], [0.0, 0.0, 0.0, 1.0]]}
{"pair_idx": 2474, "rel_a": "GreatCourt/seq5/frame00583.png", "rel_b": "GreatCourt/seq3/frame00145.png", "T_wc_gt_a": [[-0.40510993180636823, -0.9140717219886975, -0.018942814269716057, 86.78473722760702], [0.03959664711624988, 0.0031582518609284405, -0.9992107540365718, -1.0233993529137568], [0.9134101207502525, -0.405540272359972, 0.03491473621852126, -10.242680286013915], [0.0, 0.0, 0.0, 1.0]], "T_wc_gt_b": [[-0.96802192157712, -0.2400548056567991, 0.07285087252199825, 60.5893306754164], [-0.07038502970980258, -0.018841442873566372, -0.9973419411732328, 5.331777496909227], [0.24078934141462793, -0.9705764731908139, 0.0013426651076207108, 61.84990804625963], [0.0, 0.0, 0.0, 1.0]], "T_wc_pred_a": [[1.0, 0.0, 0.0, 0.0], [0.0, 1.0, 0.0, 0.0], [0.0, 0.0, 1.0, 0.0], [0.0, 0.0, 0.0, 1.0]], "T_wc_pred_b": [[-0.4296303987503052, -0.028065726161003113, 0.9025685787200928, -0.17873607575893402], [0.004821748938411474, 0.9994313716888428, 0.0333729051053524, -0.017811007797718048], [-0.9029919505119324, 0.018689975142478943, -0.4292507469654083, 0.7824331521987915], [0.0, 0.0, 0.0, 1.0]], "T_rel_gt_ba": [[0.6102026036679781, -0.11188195123110174, -0.7843055600118755, -0.5148329537480905], [0.0646285678731624, 0.9937082758663001, -0.09147136540737129, -0.1969473280459786], [0.7896049206353039, 0.00512752021411667, 0.6135941474989551, -0.38565132563046234], [0.0, 0.0, 0.0, 1.0]], "T_rel_pred_ba": [[-0.4296303987503052, -0.028065726161003113, 0.9025685787200928, -0.17873607575893402], [0.004821748938411474, 0.9994313716888428, 0.0333729051053524, -0.017811007797718048], [-0.9029919505119324, 0.018689975142478943, -0.4292507469654083, 0.7824331521987915], [0.0, 0.0, 0.0, 1.0]]}
{"pair_idx": 2475, "rel_a": "GreatCourt/seq4/frame00045.png", "rel_b": "GreatCourt/seq3/frame00482.png", "T_wc_gt_a": [[-0.23958222549649077, 0.9703018756558052, -0.033386034879497706, -26.439483279317304], [-0.020144248736242543, -0.03934817041732286, -0.9990224875985834, 4.240232803743273], [-0.970667072929231, -0.23867549430897966, 0.028973124570250475, 88.64440583224687], [0.0, 0.0, 0.0, 1.0]], "T_wc_gt_b": [[-0.9171053700803644, 0.3918080321185505, -0.07351330585103139, 54.45391029082363], [0.030676485673699794, -0.1144985276239554, -0.9929496665987949, 3.651348699440128], [-0.39746282014355716, -0.9128946013310275, 0.09298792106609899, 74.1569588467006], [0.0, 0.0, 0.0, 1.0]], "T_wc_pred_a": [[1.0, 0.0, 0.0, 0.0], [0.0, 1.0, 0.0, 0.0], [0.0, 0.0, 1.0, 0.0], [0.0, 0.0, 0.0, 1.0]], "T_wc_pred_b": [[-0.7867677211761475, 0.0918084904551506, 0.6103832721710205, -0.14351530373096466], [-0.024749409407377243, 0.9833892583847046, -0.17981408536434174, 0.04365156590938568], [-0.6167528033256531, -0.15657855570316315, -0.7714266777038574, 0.3200276494026184], [0.0, 0.0, 0.0, 1.0]], "T_rel_gt_ba": [[0.6023485318335258, 0.0764989151564587, 0.7945590992354699, -0.37789823327322836], [-0.08529702461881526, 0.9958663988054273, -0.031217516260703463, -0.059307748616443945], [-0.7936628149215342, -0.04896970196146741, 0.6063837930722025, -0.3719639843761655], [0.0, 0.0, 0.0, 1.0]], "T_rel_pred_ba": [[-0.7867677211761475, 0.0918084904551506, 0.6103832721710205, -0.14351530373096466], [-0.024749409407377243, 0.9833892583847046, -0.17981408536434174, 0.04365156590938568], [-0.6167528033256531, -0.15657855570316315, -0.7714266777038574, 0.3200276494026184], [0.0, 0.0, 0.0, 1.0]]}
{"pair_idx": 2476, "rel_a": "GreatCourt/seq2/frame00106.png", "rel_b": "GreatCourt/seq5/frame00265.png", "T_wc_gt_a": [[0.4714564347594794, 0.8801606215643498, -0.05519157880816661, -55.93575073541638], [-0.1199485305729982, 0.001996812397835779, -0.9927781034821559, 9.92340590877917], [-0.8736939854075105, 0.4746717739530182, 0.1065153832788277, 54.17533623465563], [0.0, 0.0, 0.0, 1.0]], "T_wc_gt_b": [[-0.40951140287942867, 0.9123012137287962, -0.002627991759434567, 9.446928410952676], [-0.018072840275210278, -0.010992463623717308, -0.9997762440605737, 2.648897500664328], [-0.9121259690174977, -0.4093722769954588, 0.02098941331825044, 78.60516247478853], [0.0, 0.0, 0.0, 1.0]], "T_wc_pred_a": [[0.5688768029212952, 0.034479495137929916, -0.8216996788978577, 0.06692086905241013], [0.06509547680616379, 0.994098424911499, 0.08678027242422104, -0.00755440816283226], [0.819842517375946, -0.10285621136426926, 0.5632750988006592, -0.007124132011085749], [0.0, 0.0, 0.0, 1.0]], "T_wc_pred_b": [[1.0, 0.0, 0.0, 0.0], [0.0, 1.0, 0.0, 0.0], [0.0, 0.0, 1.0, 0.0], [0.0, 0.0, 0.0, 1.0]], "T_rel_gt_ba": [[0.6100498603488579, 0.05355099807730703, 0.7905513636021783, 0.21073111094707997], [0.03698353890689929, 0.9947018242316149, -0.09591923018988088, 0.0432261011269226], [-0.7914994540353525, 0.08775290009579034, 0.6048372035403555, 0.6939797902982292], [0.0, 0.0, 0.0, 1.0]], "T_rel_pred_ba": [[0.5688768011866867, 0.06509547741026307, 0.8198425291435111, -0.03173730570733587], [0.03447949724523988, 0.9940985101985347, -0.10285622041508244, 0.004469666687563184], [-0.8216996620137773, 0.0867802722260325, 0.5632750969881977, 0.05965727522841185], [0.0, 0.0, 0.0, 1.0]]}
{"pair_idx": 2477, "rel_a": "GreatCourt/seq5/frame00315.png", "rel_b": "GreatCourt/seq1/frame00243.png", "T_wc_gt_a": [[0.7175580817001164, -0.6964337095765403, -0.009512494536572935, -44.367128411292335], [0.07245649278174487, 0.0882238213634634, -0.9934619338443708, -3.5783553325985893], [0.6927196085290339, 0.7121773974997291, 0.11376686006871684, -43.272556457548326], [0.0, 0.0, 0.0, 1.0]], "T_wc_gt_b": [[0.9871761478709395, 0.1340001152427446, -0.08675956540707266, -61.0133618070819], [-0.0955713803945846, 0.060779774536560915, -0.9935652622031219, 7.359577406090272], [-0.12786463281207422, 0.989115659628446, 0.07280691968224895, 8.117424873331572], [0.0, 0.0, 0.0, 1.0]], "T_wc_pred_a": [[1.0, 0.0, 0.0, 0.0], [0.0, 1.0, 0.0, 0.0], [0.0, 0.0, 1.0, 0.0], [0.0, 0.0, 0.0, 1.0]], "T_wc_pred_b": [[0.6978858709335327, 0.17321427166461945, 0.6949476003646851, -0.01338460948318243], [-0.1278536468744278, 0.9848582148551941, -0.1170797273516655, -0.0012126205256208777], [-0.704704761505127, -0.007143285125494003, 0.7094647884368896, 0.0033205710351467133], [0.0, 0.0, 0.0, 1.0]], "T_rel_gt_ba": [[0.6158593255161235, 0.16954164929118823, 0.7693977647033095, 0.21103644765796759], [-0.10145581610065738, 0.9855067237264261, -0.13595298771764838, 0.501734088653853], [-0.7812963640989089, 0.0056680371936969655, 0.6241344925576504, 0.4817260775011043], [0.0, 0.0, 0.0, 1.0]], "T_rel_pred_ba": [[0.6978858709335327, 0.17321427166461945, 0.6949476003646851, -0.01338460948318243], [-0.1278536468744278, 0.9848582148551941, -0.1170797273516655, -0.0012126205256208777], [-0.704704761505127, -0.007143285125494003, 0.7094647884368896, 0.0033205710351467133], [0.0, 0.0, 0.0, 1.0]]}
{"pair_idx": 2478, "rel_a": "GreatCourt/seq1/frame00404.png", "rel_b": "GreatCourt/seq5/frame00201.png", "T_wc_gt_a": [[-0.8255687498360018, 0.5642074866631355, -0.010302974691296152, 24.411371388358354], [-0.0793533167732606, -0.13415043049634323, -0.9877786761794002, 15.621022785496354], [-0.5586942727568489, -0.8146616315937026, 0.1555221386098523, 95.78625964365561], [0.0, 0.0, 0.0, 1.0]], "T_wc_gt_b": [[-0.058286084985784914, 0.998280048561836, -0.006298963439189231, -62.30130312554375], [-0.04722977940941708, -0.009060097162284508, -0.9988429619196142, 4.793318267646203], [-0.9971820697515412, -0.05792114711215862, 0.047676624075578045, 78.26987874313399], [0.0, 0.0, 0.0, 1.0]], "T_wc_pred_a": [[0.5643453001976013, 0.11116306483745575, 0.818020224571228, -0.1620214432477951], [-0.24398286640644073, 0.9690874814987183, 0.03662971034646034, 0.0009662605007179081], [-0.7886613607406616, -0.22025473415851593, 0.5740218758583069, 0.023352472111582756], [0.0, 0.0, 0.0, 1.0]], "T_wc_pred_b": [[1.0, 0.0, 0.0, 0.0], [0.0, 1.0, 0.0, 0.0], [0.0, 0.0, 1.0, 0.0], [0.0, 0.0, 0.0, 1.0]], "T_rel_gt_ba": [[0.6114211455604709, -0.12307252233786557, -0.7816759795509372, -0.4305947743327252], [0.04417070905044342, 0.9915990342173334, -0.121574272776903, -0.12959556485939405], [0.7900715987956424, 0.03980589886747036, 0.6117208180141082, -0.23311043539517584], [0.0, 0.0, 0.0, 1.0]], "T_rel_pred_ba": [[0.5643453211746571, -0.24398287542217825, -0.7886613443605969, 0.11008898649189462], [0.11116307333729811, 0.9690875600643566, -0.22025473968544093, 0.02221790321289043], [0.818020291281179, 0.03662971268993145, 0.5740218896078748, 0.11909660418632752], [0.0, 0.0, 0.0, 1.0]]}
{"pair_idx": 2479, "rel_a": "GreatCourt/seq4/frame00128.png", "rel_b": "GreatCourt/seq2/frame00233.png", "T_wc_gt_a": [[-0.3611076657766703, -0.9324666471083423, -0.010354020854272894, 35.109146621329], [0.05080917981389499, -0.00858724461243554, -0.9986714607300068, -0.11287648589022314], [0.931138916039902, -0.3611539993693721, 0.0504787854008375, -19.332788635934563], [0.0, 0.0, 0.0, 1.0]], "T_wc_gt_b": [[0.5146003633500071, -0.8516750624621776, -0.09917688248824175, 6.999106425718044], [0.04043991027741073, 0.13964662475567358, -0.9893752745298938, -3.796118311795702], [0.8564759656270545, 0.5051221715331786, 0.10630386695135041, -39.68345801856182], [0.0, 0.0, 0.0, 1.0]], "T_wc_pred_a": [[0.5165134072303772, -0.11285468935966492, -0.8488095998764038, 0.11842577904462814], [0.13101895153522491, 0.9900202751159668, -0.05190255865454674, -0.0028821660671383142], [0.8461961150169373, -0.08440177142620087, 0.5261448621749878, 0.06021568179130554], [0.0, 0.0, 0.0, 1.0]], "T_wc_pred_b": [[1.0, 0.0, 0.0, 0.0], [0.0, 1.0, 0.0, 0.0], [0.0, 0.0, 1.0, 0.0], [0.0, 0.0, 0.0, 1.0]], "T_rel_gt_ba": [[0.6093593334122923, 0.132505086590601, 0.7817439509269926, 0.7332675230994417], [-0.13457496934522895, 0.9889163895717853, -0.06272122497237546, -0.17225675997692846], [-0.7813902868663376, -0.06698340439184912, 0.620437299915971, -0.26228953866454674], [0.0, 0.0, 0.0, 1.0]], "T_rel_pred_ba": [[0.516513427750721, 0.13101895247528086, 0.8461961843837429, -0.1117451668612825], [-0.11285469484607316, 0.9900202889435846, -0.08440177877402522, 0.02130061869183853], [-0.8488095659232765, -0.051902554613127275, 0.5261448633137122, 0.06868917065786448], [0.0, 0.0, 0.0, 1.0]]}
{"pair_idx": 2480, "rel_a": "GreatCourt/seq1/frame00109.png", "rel_b": "GreatCourt/seq3/frame00255.png", "T_wc_gt_a": [[-0.9531531136321572, -0.29809962459101136, -0.05133961230883899, 61.182101285311525], [0.07760522943521121, -0.07694593907885228, -0.9940104379852265, 0.9960379479775772], [0.29236376372189493, -0.9514283663408253, 0.09647535117529427, 32.00184751374866], [0.0, 0.0, 0.0, 1.0]], "T_wc_gt_b": [[-0.8195844340473517, 0.5642451741213146, -0.09954264889025738, 11.994373396255153], [0.020577930033314595, -0.14463450183968485, -0.989271150733271, 7.075244125430057], [-0.5725887741327329, -0.812839617857295, 0.10692918861929512, 67.20139458748712], [0.0, 0.0, 0.0, 1.0]], "T_wc_pred_a": [[1.0, 0.0, 0.0, 0.0], [0.0, 1.0, 0.0, 0.0], [0.0, 0.0, 1.0, 0.0], [0.0, 0.0, 0.0, 1.0]], "T_wc_pred_b": [[0.5954111814498901, -0.08217308670282364, -0.799207866191864, 0.10060355812311172], [0.08356145769357681, 0.9956945776939392, -0.04012206569314003, 0.007164347916841507], [0.7990638613700867, -0.042893845587968826, 0.5997141599655151, -0.013384580612182617], [0.0, 0.0, 0.0, 1.0]], "T_rel_gt_ba": [[0.6180986616160499, -0.008073980817633266, -0.7860590660645064, -0.658817162771884], [0.07429036996492472, 0.9960718423753212, 0.04818532720141649, -0.004141661704808897], [0.7825822547431821, -0.08817990508494239, 0.6162704916676507, -0.31259595615512126], [0.0, 0.0, 0.0, 1.0]], "T_rel_pred_ba": [[0.5954111814498901, -0.08217308670282364, -0.799207866191864, 0.10060355812311172], [0.08356145769357681, 0.9956945776939392, -0.04012206569314003, 0.007164347916841507], [0.7990638613700867, -0.042893845587968826, 0.5997141599655151, -0.013384580612182617], [0.0, 0.0, 0.0, 1.0]]}
{"pair_idx": 2481, "rel_a": "GreatCourt/seq5/frame00255.png", "rel_b": "GreatCourt/seq3/frame00507.png", "T_wc_gt_a": [[-0.09513352609356285, 0.9954567250271845, 0.003939646070078795, -22.788006309955776], [-0.032304866155434486, 0.0008682572357729956, -0.999477684469269, 3.4301666334535423], [-0.9949402031457392, -0.09521110611438471, 0.032075495893135075, 78.07893888829491], [0.0, 0.0, 0.0, 1.0]], "T_wc_gt_b": [[-0.8463796741302752, 0.5317539900354848, -0.02965031703827517, 48.529600348931424], [-0.06576572770305442, -0.15960012142976843, -0.9849886650613248, 10.471427718522946], [-0.5285038469858252, -0.8317244106799705, 0.17005348688056632, 64.43219628619585], [0.0, 0.0, 0.0, 1.0]], "T_wc_pred_a": [[1.0, 0.0, 0.0, 0.0], [0.0, 1.0, 0.0, 0.0], [0.0, 0.0, 1.0, 0.0], [0.0, 0.0, 0.0, 1.0]], "T_wc_pred_b": [[1.0, 0.0, 0.0, 0.0], [0.0, 1.0, 0.0, 0.0], [0.0, 0.0, 1.0, 0.0], [0.0, 0.0, 0.0, 1.0]], "T_rel_gt_ba": [[0.6097403564997993, 0.05743871155615331, 0.7905172307231931, 0.5045965406547168], [-0.15649899534329864, 0.98646016925477, 0.049034670697263624, -0.30717018944984176], [-0.776997272911582, -0.15361357000154627, 0.6104736759266073, -0.4122391650530659], [0.0, 0.0, 0.0, 1.0]], "T_rel_pred_ba": [[1.0, 0.0, 0.0, 0.0], [0.0, 1.0, 0.0, 0.0], [0.0, 0.0, 1.0, 0.0], [0.0, 0.0, 0.0, 1.0]]}
{"pair_idx": 2482, "rel_a": "GreatCourt/seq5/frame00300.png", "rel_b": "GreatCourt/seq3/frame00540.png", "T_wc_gt_a": [[0.5811295566766895, 0.8132295842756142, -0.030758439746938537, -45.32643556062365], [-0.015656306087453276, -0.026616627542248583, -0.9995231038940389, 2.6029595937454135], [-0.8136604441881456, 0.581333981801502, -0.0027355376730642256, 56.15319657129889], [0.0, 0.0, 0.0, 1.0]], "T_wc_gt_b": [[0.9980644886851903, 0.04806588970534473, -0.03945816357109553, -71.70633808174419], [-0.04361564661470159, 0.08876389999468337, -0.9950973045024871, 3.8534330061724926], [-0.04432777679910379, 0.9948922757286678, 0.09068852132150662, -1.3194351153479422], [0.0, 0.0, 0.0, 1.0]], "T_wc_pred_a": [[1.0, 0.0, 0.0, 0.0], [0.0, 1.0, 0.0, 0.0], [0.0, 0.0, 1.0, 0.0], [0.0, 0.0, 0.0, 1.0]], "T_wc_pred_b": [[0.9850403070449829, 0.1291045844554901, -0.11413843184709549, -0.2754132151603699], [-0.11818414181470871, 0.9881656765937805, 0.09778100997209549, 0.04682204872369766], [0.12541165947914124, -0.08282888680696487, 0.9886411428451538, -0.012473361566662788], [0.0, 0.0, 0.0, 1.0]], "T_rel_gt_ba": [[0.6203070488940127, 0.02253399111289346, -0.7840353208478077, 0.3774038198065739], [0.07744672859287073, 0.9929430107211631, 0.08981192398704194, -0.2639999987716708], [0.7805262130913112, -0.11643194022481987, 0.6141843648065465, -0.12631174646078525], [0.0, 0.0, 0.0, 1.0]], "T_rel_pred_ba": [[0.9850403070449829, 0.1291045844554901, -0.11413843184709549, -0.2754132151603699], [-0.11818414181470871, 0.9881656765937805, 0.09778100997209549, 0.04682204872369766], [0.12541165947914124, -0.08282888680696487, 0.9886411428451538, -0.012473361566662788], [0.0, 0.0, 0.0, 1.0]]}
{"pair_idx": 2483, "rel_a": "GreatCourt/seq1/frame00405.png", "rel_b": "GreatCourt/seq5/frame00201.png", "T_wc_gt_a": [[-0.8275661417034565, 0.5613419584316004, -0.005430175893125833, 24.507714869454652], [-0.08140336175231405, -0.12956966958924765, -0.9882232507980955, 15.604487570318232], [-0.5554347610669292, -0.8173780682320202, 0.15292259405272512, 96.61695662292986], [0.0, 0.0, 0.0, 1.0]], "T_wc_gt_b": [[-0.058286084985784914, 0.998280048561836, -0.006298963439189231, -62.30130312554375], [-0.04722977940941708, -0.009060097162284508, -0.9988429619196142, 4.793318267646203], [-0.9971820697515412, -0.05792114711215862, 0.047676624075578045, 78.26987874313399], [0.0, 0.0, 0.0, 1.0]], "T_wc_pred_a": [[1.0, 0.0, 0.0, 0.0], [0.0, 1.0, 0.0, 0.0], [0.0, 0.0, 1.0, 0.0], [0.0, 0.0, 0.0, 1.0]], "T_wc_pred_b": [[1.0, 0.0, 0.0, 0.0], [0.0, 1.0, 0.0, 0.0], [0.0, 0.0, 1.0, 0.0], [0.0, 0.0, 0.0, 1.0]], "T_rel_gt_ba": [[0.6086462724689989, -0.11837735066193698, -0.7845613537893985, 0.43131575653846], [0.03942384660753368, 0.9920984154795095, -0.11910707083003902, -0.1462948210806525], [0.7924616554308848, 0.041563648219412046, 0.6085038930183059, -0.591919221792665], [0.0, 0.0, 0.0, 1.0]], "T_rel_pred_ba": [[1.0, 0.0, 0.0, 0.0], [0.0, 1.0, 0.0, 0.0], [0.0, 0.0, 1.0, 0.0], [0.0, 0.0, 0.0, 1.0]]}
{"pair_idx": 2484, "rel_a": "GreatCourt/seq4/frame00130.png", "rel_b": "GreatCourt/seq1/frame00168.png", "T_wc_gt_a": [[-0.3639695851393232, -0.9311545242653559, -0.021849325702813893, 33.92853070226387], [0.05087109100899889, 0.003549752473919643, -0.998698919272935, -0.3472436441125515], [0.9300205767578817, -0.3646075303631737, 0.04607684461206407, -19.523522969981855], [0.0, 0.0, 0.0, 1.0]], "T_wc_gt_b": [[0.5336353028450014, -0.8414412274118082, -0.08491186235876291, 4.924478894614538], [0.013560268083312232, 0.10890270477435315, -0.9939599187202364, -1.8940041627070248], [0.8456059854843936, 0.5292606746250283, 0.069524496462957, -39.242564683450524], [0.0, 0.0, 0.0, 1.0]], "T_wc_pred_a": [[1.0, 0.0, 0.0, 0.0], [0.0, 1.0, 0.0, 0.0], [0.0, 0.0, 1.0, 0.0], [0.0, 0.0, 0.0, 1.0]], "T_wc_pred_b": [[0.537980318069458, 0.11314301192760468, 0.8353297710418701, -0.08255563676357269], [-0.08145169168710709, 0.9932916760444641, -0.08208087831735611, 0.009501902386546135], [-0.8390129804611206, -0.023881126195192337, 0.5435870885848999, 0.05455927178263664], [0.0, 0.0, 0.0, 1.0]], "T_rel_gt_ba": [[0.5911400529524161, 0.10896108714912829, 0.7991751493150264, 0.508515888339323], [-0.0846234174043737, 0.9937430999039761, -0.07289395461930542, -0.10093176923270586], [-0.8021173947884562, -0.02453839604612076, 0.5966620082569896, -0.38747640609337], [0.0, 0.0, 0.0, 1.0]], "T_rel_pred_ba": [[0.537980318069458, 0.11314301192760468, 0.8353297710418701, -0.08255563676357269], [-0.08145169168710709, 0.9932916760444641, -0.08208087831735611, 0.009501902386546135], [-0.8390129804611206, -0.023881126195192337, 0.5435870885848999, 0.05455927178263664], [0.0, 0.0, 0.0, 1.0]]}
{"pair_idx": 2486, "rel_a": "GreatCourt/seq5/frame00318.png", "rel_b": "GreatCourt/seq1/frame00240.png", "T_wc_gt_a": [[0.6811580551256282, -0.7304933847628777, -0.049021615182956835, -40.8774963820228], [0.051831130612141396, 0.11490287800381827, -0.9920236199435509, -1.3343176006807183], [0.7302994165662045, 0.6731840338600686, 0.11612931894636813, -43.75870382922654], [0.0, 0.0, 0.0, 1.0]], "T_wc_gt_b": [[0.9946945191017931, 0.10104851643243815, -0.019287586568978964, -59.23594023559659], [-0.0211346256577798, 0.017240085079327172, -0.9996279843345539, 2.6601739127999418], [-0.10067840516793108, 0.9947321130803313, 0.01928424070532897, 6.1693878934916135], [0.0, 0.0, 0.0, 1.0]], "T_wc_pred_a": [[1.0, 0.0, 0.0, 0.0], [0.0, 1.0, 0.0, 0.0], [0.0, 0.0, 1.0, 0.0], [0.0, 0.0, 0.0, 1.0]], "T_wc_pred_b": [[0.6925863027572632, 0.0792398527264595, 0.7169694900512695, 0.029873076826334], [0.004904749803245068, 0.9934077262878418, -0.11452989280223846, -0.0028508994728326797], [-0.7213183641433716, 0.08283838629722595, 0.6876319050788879, 0.07899142801761627], [0.0, 0.0, 0.0, 1.0]], "T_rel_gt_ba": [[0.604674419928093, 0.08230064834298259, 0.7922092205768304, 0.257500034951164], [0.02201358976210411, 0.9925400754661777, -0.11991497178993202, -0.3629256945145154], [-0.7961684795006708, 0.08994888479530531, 0.598351861678119, -0.07286396579453491], [0.0, 0.0, 0.0, 1.0]], "T_rel_pred_ba": [[0.6925863027572632, 0.0792398527264595, 0.7169694900512695, 0.029873076826334], [0.004904749803245068, 0.9934077262878418, -0.11452989280223846, -0.0028508994728326797], [-0.7213183641433716, 0.08283838629722595, 0.6876319050788879, 0.07899142801761627], [0.0, 0.0, 0.0, 1.0]]}
{"pair_idx": 2488, "rel_a": "StMarysChurch/seq5/frame00045.png", "rel_b": "StMarysChurch/seq6/frame00015.png", "T_wc_gt_a": [[0.986217773346622, 0.03974940835767281, -0.160606625238332, -16.45947697134334], [-0.007632125412454088, 0.9806080868512014, 0.19583036195573753, 2.967907242675435], [0.16527629653679812, -0.1919056136157605, 0.9673964964097393, 9.454587270891254], [0.0, 0.0, 0.0, 1.0]], "T_wc_gt_b": [[0.7277550637003174, -0.056039481697854755, 0.6835438126042708, -2.7732831536619194], [-0.01049812393746579, 0.9956291863768446, 0.09280254645415702, 1.593096594564345], [-0.6857567765996486, -0.07471345076770423, 0.7239858725293205, 18.579369611963653], [0.0, 0.0, 0.0, 1.0]], "T_wc_pred_a": [[1.0, 0.0, 0.0, 0.0], [0.0, 1.0, 0.0, 0.0], [0.0, 0.0, 1.0, 0.0], [0.0, 0.0, 0.0, 1.0]], "T_wc_pred_b": [[0.5906835198402405, 0.06645237654447556, 0.804162323474884, -0.05574492737650871], [0.01143306028097868, 0.9958137273788452, -0.09068755060434341, -0.0059255375526845455], [-0.8068223595619202, 0.06276167929172516, 0.5874510407447815, -0.03527257591485977], [0.0, 0.0, 0.0, 1.0]], "T_rel_gt_ba": [[0.605715777277181, 0.07335154538332352, 0.7922928422921529, -0.5120206707470709], [0.014317530888660642, 0.9945757109272337, -0.10302506269272384, -0.14899334501985528], [-0.795552264447002, 0.07374758317033614, 0.6013799867885375, -0.41968011848253184], [0.0, 0.0, 0.0, 1.0]], "T_rel_pred_ba": [[0.5906835198402405, 0.06645237654447556, 0.804162323474884, -0.05574492737650871], [0.01143306028097868, 0.9958137273788452, -0.09068755060434341, -0.0059255375526845455], [-0.8068223595619202, 0.06276167929172516, 0.5874510407447815, -0.03527257591485977], [0.0, 0.0, 0.0, 1.0]]}
{"pair_idx": 2489, "rel_a": "GreatCourt/seq3/frame00190.png", "rel_b": "GreatCourt/seq5/frame00191.png", "T_wc_gt_a": [[-0.7537918473137633, 0.6559712552324772, -0.03872419440133279, 8.524813226959845], [0.04069444480769052, -0.01221712613719661, -0.9990969442405184, -1.406299845492001], [-0.6558519749799475, -0.7546869908363838, -0.017485215961666745, 103.83877200382281], [0.0, 0.0, 0.0, 1.0]], "T_wc_gt_b": [[-0.9745733141121358, -0.22193281469847675, -0.03086553386060195, 88.21001620623622], [0.038591121780730375, -0.03055771912745664, -0.9987877407745013, 0.07166704989974866], [0.22072059428198634, -0.9745830141972202, 0.038345373880922295, 54.67745390685285], [0.0, 0.0, 0.0, 1.0]], "T_wc_pred_a": [[1.0, 0.0, 0.0, 0.0], [0.0, 1.0, 0.0, 0.0], [0.0, 0.0, 1.0, 0.0], [0.0, 0.0, 0.0, 1.0]], "T_wc_pred_b": [[-0.10629524290561676, 0.24841561913490295, -0.9628037214279175, 0.5494598746299744], [0.31628182530403137, 0.9264460206031799, 0.20411677658557892, -0.12469162046909332], [0.9426913857460022, -0.2828206717967987, -0.17704614996910095, 0.0647212341427803], [0.0, 0.0, 0.0, 1.0]], "T_rel_gt_ba": [[0.5902391146857658, -0.006110678188550258, 0.8072053314411642, -0.6494658232877413], [-0.010457407710666592, 0.9998295515371134, 0.015215469005847426, -0.013080975713092718], [-0.8071607213677685, -0.017422040212643958, 0.5900746074827254, 0.2612250565480849], [0.0, 0.0, 0.0, 1.0]], "T_rel_pred_ba": [[-0.10629524290561676, 0.24841561913490295, -0.9628037214279175, 0.5494598746299744], [0.31628182530403137, 0.9264460206031799, 0.20411677658557892, -0.12469162046909332], [0.9426913857460022, -0.2828206717967987, -0.17704614996910095, 0.0647212341427803], [0.0, 0.0, 0.0, 1.0]]}
{"pair_idx": 2491, "rel_a": "GreatCourt/seq2/frame00106.png", "rel_b": "GreatCourt/seq5/frame00266.png", "T_wc_gt_a": [[0.4714564347594794, 0.8801606215643498, -0.05519157880816661, -55.93575073541638], [-0.1199485305729982, 0.001996812397835779, -0.9927781034821559, 9.92340590877917], [-0.8736939854075105, 0.4746717739530182, 0.1065153832788277, 54.17533623465563], [0.0, 0.0, 0.0, 1.0]], "T_wc_gt_b": [[-0.42177454934929637, 0.9067007226299961, 0.00017059730705987208, 11.01378330014592], [-0.026514477589248686, -0.01214580160762968, -0.9995746405253974, 3.270388372268194], [-0.9063129768459499, -0.42159966684705913, 0.029163485989872506, 77.60561822420057], [0.0, 0.0, 0.0, 1.0]], "T_wc_pred_a": [[1.0, 0.0, 0.0, 0.0], [0.0, 1.0, 0.0, 0.0], [0.0, 0.0, 1.0, 0.0], [0.0, 0.0, 0.0, 1.0]], "T_wc_pred_b": [[0.6281850337982178, 0.055903565138578415, 0.7760530710220337, 0.030918492004275322], [0.026462044566869736, 0.9953033924102783, -0.09311743080615997, 0.002121098106727004], [-0.7776138782501221, 0.07903093099594116, 0.6237553954124451, 0.01861797645688057], [0.0, 0.0, 0.0, 1.0]], "T_rel_gt_ba": [[0.5991845307596402, 0.052232383400648806, 0.798905298657255, 0.7303335407621905], [0.03197742518109637, 0.9955119356481711, -0.08906980555058532, 0.005587295945534532], [-0.7999720884988034, 0.07891618405827373, 0.594825094894746, -0.14938795727492504], [0.0, 0.0, 0.0, 1.0]], "T_rel_pred_ba": [[0.6281850337982178, 0.055903565138578415, 0.7760530710220337, 0.030918492004275322], [0.026462044566869736, 0.9953033924102783, -0.09311743080615997, 0.002121098106727004], [-0.7776138782501221, 0.07903093099594116, 0.6237553954124451, 0.01861797645688057], [0.0, 0.0, 0.0, 1.0]]}
{"pair_idx": 2492, "rel_a": "GreatCourt/seq4/frame00128.png", "rel_b": "GreatCourt/seq2/frame00234.png", "T_wc_gt_a": [[-0.3611076657766703, -0.9324666471083423, -0.010354020854272894, 35.109146621329], [0.05080917981389499, -0.00858724461243554, -0.9986714607300068, -0.11287648589022314], [0.931138916039902, -0.3611539993693721, 0.0504787854008375, -19.332788635934563], [0.0, 0.0, 0.0, 1.0]], "T_wc_gt_b": [[0.5327432297064066, -0.8449905498798794, -0.046643561352944174, 5.851215682383585], [0.06302052598157748, 0.09457515909038938, -0.9935209874924802, -3.1766589405627315], [0.8439271677739686, 0.5263520778877258, 0.10363602460670363, -38.81263108218402], [0.0, 0.0, 0.0, 1.0]], "T_wc_pred_a": [[0.47700753808021545, -0.06824029237031937, -0.8762459754943848, 0.15299148857593536], [0.06234261021018028, 0.9970970153808594, -0.04371408000588417, -0.0001586227008374408], [0.876685380935669, -0.03377551585435867, 0.4798770844936371, 0.06665167957544327], [0.0, 0.0, 0.0, 1.0]], "T_wc_pred_b": [[1.0, 0.0, 0.0, 0.0], [0.0, 1.0, 0.0, 0.0], [0.0, 0.0, 1.0, 0.0], [0.0, 0.0, 0.0, 1.0]], "T_rel_gt_ba": [[0.5960307891540866, 0.08090598064979751, 0.7988751596309973, 0.3787003055741298], [-0.10065843950632383, 0.994590937056229, -0.0256270654145992, -0.02580373840757577], [-0.7966273764668828, -0.06513900690605462, 0.600950690858064, 0.7669763055403038], [0.0, 0.0, 0.0, 1.0]], "T_rel_pred_ba": [[0.47700754852959476, 0.06234261309543883, 0.8766853184916108, -0.13140075489443226], [-0.06824028568692417, 0.9970970348330482, -0.033775516000175934, 0.012849539982690828], [-0.8762460405599084, -0.04371409154470748, 0.4798770759481311, 0.10206663895506884], [0.0, 0.0, 0.0, 1.0]]}
{"pair_idx": 2493, "rel_a": "GreatCourt/seq4/frame00128.png", "rel_b": "GreatCourt/seq1/frame00168.png", "T_wc_gt_a": [[-0.3611076657766703, -0.9324666471083423, -0.010354020854272894, 35.109146621329], [0.05080917981389499, -0.00858724461243554, -0.9986714607300068, -0.11287648589022314], [0.931138916039902, -0.3611539993693721, 0.0504787854008375, -19.332788635934563], [0.0, 0.0, 0.0, 1.0]], "T_wc_gt_b": [[0.5336353028450014, -0.8414412274118082, -0.08491186235876291, 4.924478894614538], [0.013560268083312232, 0.10890270477435315, -0.9939599187202364, -1.8940041627070248], [0.8456059854843936, 0.5292606746250283, 0.069524496462957, -39.242564683450524], [0.0, 0.0, 0.0, 1.0]], "T_wc_pred_a": [[1.0, 0.0, 0.0, 0.0], [0.0, 1.0, 0.0, 0.0], [0.0, 0.0, 1.0, 0.0], [0.0, 0.0, 0.0, 1.0]], "T_wc_pred_b": [[0.5597163438796997, 0.12733158469200134, 0.8188433051109314, -0.09076496958732605], [-0.09887214004993439, 0.9913274049758911, -0.08656959980726242, 0.011049002408981323], [-0.8227648138999939, -0.032506369054317474, 0.5674517154693604, 0.0458405427634716], [0.0, 0.0, 0.0, 1.0]], "T_rel_gt_ba": [[0.5927952606706697, 0.11913828731919837, 0.7964922142877737, -0.4761932885003528], [-0.09615337501010067, 0.9923932158699337, -0.07687804348120644, 0.10760967212057682], [-0.7995925883852102, -0.031012474747744847, 0.5997415435080854, 0.4216246571564781], [0.0, 0.0, 0.0, 1.0]], "T_rel_pred_ba": [[0.5597163438796997, 0.12733158469200134, 0.8188433051109314, -0.09076496958732605], [-0.09887214004993439, 0.9913274049758911, -0.08656959980726242, 0.011049002408981323], [-0.8227648138999939, -0.032506369054317474, 0.5674517154693604, 0.0458405427634716], [0.0, 0.0, 0.0, 1.0]]}
