{"pair_idx": 0, "rel_a": "Street/img_east/image_east_0266.png", "rel_b": "Street/img/image2_001121.png", "selected_variant": "v0_A2B_p1_s1", "pose_direction": "A2B", "T_wc_gt_a": [[0.6221529606768799, 0.019603260631387183, -0.7826502448051816, 0.0], [0.03706001090036984, 0.9978283530098332, 0.054453039600633565, 0.0], [0.7820180618841596, -0.06288314640904671, 0.6200753670197205, 0.0], [0.0, 0.0, 0.0, 1.0]], "T_wc_gt_b": [[-0.3749636266490024, -0.15893139202535378, -0.9133143441987053, 0.0], [0.004306822412721206, 0.9848853325538267, -0.17315407301315056, 0.0], [0.9270295194711617, -0.06885996187351179, -0.36861168684653167, 0.0], [0.0, 0.0, 0.0, 1.0]], "T_wc_pred_a": [[0.5712161056123478, 0.16958696129786846, 0.8030894966165707, 0.02829611301422119], [-0.2206020744041595, 0.9741425296007701, -0.04879957182965709, -0.0018361463444307442], [-0.790599337789616, -0.1492880857277862, 0.5938569554408325, -0.01029346138238907], [0.0, 0.0, 0.0, 1.0]], "T_wc_pred_b": [[1.0, 0.0, 0.0, 0.0], [0.0, 1.0, 0.0, 0.0], [0.0, 0.0, 1.0, 0.0], [0.0, 0.0, 0.0, 1.0]], "T_rel_gt_ba": [[0.4784053911050013, -0.22221514738955192, -0.8495579497787721, 0.0], [0.1575055438140237, 0.9734773545764921, -0.16593325102161827, 0.0], [0.8638983073426635, -0.05442672502911083, 0.5007169321813335, 0.0], [0.0, 0.0, 0.0, 1.0]], "T_rel_pred_ba": [[0.5712158403142066, -0.22060198129978698, -0.7905990147762594, -0.024706245922136168], [0.16958690177451086, 0.9741422009821873, -0.14928803385642628, -0.00454667310840794], [0.8030893039953463, -0.04879955628017069, 0.5938568445367188, -0.01670106633733209], [0.0, 0.0, 0.0, 1.0]]}
{"pair_idx": 1, "rel_a": "Street/img_south/image_south_1_0048.png", "rel_b": "Street/img/image1_000245.png", "selected_variant": "v3_B2A_p2_s2", "pose_direction": "A2B", "T_wc_gt_a": [[-0.6953659029700263, -0.040271546044869266, -0.7175266291684484, 0.0], [0.004863029990919178, 0.9981421360356721, -0.06073406959403593, 0.0], [0.7186394171808194, -0.04572175466123052, -0.693878165980679, 0.0], [0.0, 0.0, 0.0, 1.0]], "T_wc_gt_b": [[0.3238364479680167, 0.01783095107013717, -0.9459450365382717, 0.0], [-0.01499045415058304, 0.9997935831308358, 0.013714131936212095, 0.0], [0.945994313540952, 0.0097390099260109, 0.32403689671678415, 0.0], [0.0, 0.0, 0.0, 1.0]], "T_wc_pred_a": [[0.5596221082569398, -0.04621364519581846, -0.8274582733994414, -0.0397037188887955], [0.07439308660736602, 0.9972143753836251, -0.005381409320909837, -0.008364035665414165], [0.8254021033493124, -0.0585456269250607, 0.5615012560871855, -0.04287190347913979], [0.0, 0.0, 0.0, 1.0]], "T_wc_pred_b": [[1.0, 0.0, 0.0, 0.0], [0.0, 1.0, 0.0, 0.0], [0.0, 0.0, 1.0, 0.0], [0.0, 0.0, 0.0, 1.0]], "T_rel_gt_ba": [[0.4528378494230002, 0.07682374162856373, 0.8882769809311393, 0.0], [-0.039679637492228956, 0.9970302885894231, -0.06600098486974734, 0.0], [-0.8907094972539797, -0.005358764547822828, 0.4545413899130453, 0.0], [0.0, 0.0, 0.0, 1.0]], "T_rel_pred_ba": [[0.5596222108010543, 0.0743931023943718, 0.8254021928102188, 0.058227872644888684], [-0.046213650072701284, 0.9972145733615867, -0.05854563447584501, 0.003995921695981959], [-0.8274584463619469, -0.005381414167780692, 0.5615013317481202, -0.008825556988430034], [0.0, 0.0, 0.0, 1.0]]}
{"pair_idx": 2, "rel_a": "StMarysChurch/seq10/frame00046.png", "rel_b": "StMarysChurch/seq4/frame00106.png", "selected_variant": "v2_B2A_p1_s1", "pose_direction": "A2B", "T_wc_gt_a": [[0.6239600158391805, 0.07843105216310192, 0.777510429956125, -37.125891283212155], [-0.1582345096714972, 0.9870207759927061, 0.02741947679619694, 6.453899433414863], [-0.7652684095028296, -0.1401376388246395, 0.6282719981040572, 17.771264964933074], [0.0, 0.0, 0.0, 1.0]], "T_wc_gt_b": [[-0.2299918828073544, 0.005571381309802059, 0.9731765993657209, -8.237985137474022], [-0.5145089984557708, 0.848110208051452, -0.12644985372455886, 22.980580750069176], [-0.8260655085105344, -0.5297905573990759, -0.19219193776016907, 34.42989670145984], [0.0, 0.0, 0.0, 1.0]], "T_wc_pred_a": [[0.6157530021745582, -0.36869124549500193, -0.6963581747854453, 0.0046931537799537225], [0.0814617327418981, 0.9088233507055371, -0.4091500345711131, -0.0013983011012896898], [0.7837168101353779, 0.19520882305525417, 0.5896450305574512, 0.02506080083549023], [0.0, 0.0, 0.0, 1.0]], "T_wc_pred_b": [[1.0, 0.0, 0.0, 0.0], [0.0, 1.0, 0.0, 0.0], [0.0, 0.0, 1.0, 0.0], [0.0, 0.0, 0.0, 1.0]], "T_rel_gt_ba": [[0.6135861866548511, 0.06857571509310849, 0.7866443687244109, 0.11970264259525365], [-0.3528309469953919, 0.9150482859404185, 0.19544041864424289, 0.5025642918030719], [-0.7064151147793294, -0.3974720187597749, 0.5856566228724268, 0.3609913624828067], [0.0, 0.0, 0.0, 1.0]], "T_rel_pred_ba": [[0.6157531355948641, 0.08146173624765861, 0.7837169447291413, -0.022416490383583235], [-0.36869142542066735, 0.9088236985723253, 0.19520890308549593, -0.0018909567060987464], [-0.6963583897996145, -0.4091501227697112, 0.5896451895437971, -0.012080978716733136], [0.0, 0.0, 0.0, 1.0]]}
{"pair_idx": 3, "rel_a": "GreatCourt/seq3/frame00318.png", "rel_b": "GreatCourt/seq5/frame00368.png", "selected_variant": "v3_B2A_p2_s2", "pose_direction": "A2B", "T_wc_gt_a": [[0.7107896205867701, 0.691063345026748, -0.13118524469831727, -28.6727132970258], [-0.13146842777101841, -0.05269609885248694, -0.9899187712459773, 5.683921900074869], [-0.6910095279846235, 0.7208707056928939, 0.05339717135108524, 12.784423891235079], [0.0, 0.0, 0.0, 1.0]], "T_wc_gt_b": [[-0.2477778534767059, 0.9621618039672442, -0.11336136164043908, -3.2440318945690936], [-0.1743246127637743, -0.15937809841109174, -0.971704456679923, 8.249240833176723], [-0.9530042312137109, -0.22100516901955636, 0.20721884700818394, 30.44879507895953], [0.0, 0.0, 0.0, 1.0]], "T_wc_pred_a": [[0.4626899531344124, -0.060698680134608544, -0.884439885264909, 0.07492816406078848], [0.0825064632029489, 0.996271672053301, -0.02521083216090125, -0.01302446135046507], [0.8826725765532926, -0.06130719660495795, 0.4659728827913346, 0.08106716428913345], [0.0, 0.0, 0.0, 1.0]], "T_wc_pred_b": [[1.0, 0.0, 0.0, 0.0], [0.0, 1.0, 0.0, 0.0], [0.0, 0.0, 1.0, 0.0], [0.0, 0.0, 0.0, 1.0]], "T_rel_gt_ba": [[0.5036681662101974, 0.09409133112098955, 0.85875794014049, -0.316032272271062], [-0.10657520025326879, 0.9932252685614665, -0.046317303267548314, 0.14016585452859687], [-0.8572981424437082, -0.06819374823898983, 0.5102837521063007, -0.2683446220747854], [0.0, 0.0, 0.0, 1.0]], "T_rel_pred_ba": [[0.4626898486594408, 0.0825064458979238, 0.8826724215312381, -0.10514964908361435], [-0.06069866776941685, 0.996271525940614, -0.061307191009513665, 0.022493939846754074], [-0.8844396771569909, -0.025210829436770398, 0.4659727967886978, 0.02816599048674106], [0.0, 0.0, 0.0, 1.0]]}
{"pair_idx": 4, "rel_a": "GreatCourt/seq2/frame00078.png", "rel_b": "GreatCourt/seq3/frame00541.png", "selected_variant": "v1_A2B_p2_s2", "pose_direction": "A2B", "T_wc_gt_a": [[0.7212705681116355, 0.6888997248324018, -0.07201344806187104, -54.84508066031442], [-0.11310420433363871, 0.014566817533883558, -0.9934763443529943, 9.224976908281887], [-0.6833565734943751, 0.7247102710413148, 0.08842407200107416, 45.705890675911135], [0.0, 0.0, 0.0, 1.0]], "T_wc_gt_b": [[0.9777834867302567, -0.20825993150634375, -0.02381709483952625, -68.56847868742753], [-0.002740147659356665, 0.10091309087941225, -0.9948914713072821, 0.7091772909223751], [0.20959948632672482, 0.9728537140897067, 0.09810049089294404, -19.829641052865902], [0.0, 0.0, 0.0, 1.0]], "T_wc_pred_a": [[-0.23825507477252975, 0.10647962888430988, 0.9653479111546417, -0.3355585237087015], [-0.7031423867043404, 0.6667387960218509, -0.24708332926348797, -0.09117958801792961], [-0.6699442433719959, -0.7376459137118283, -0.08398351159134447, 0.14368090546690587], [0.0, 0.0, 0.0, 1.0]], "T_wc_pred_b": [[1.0, 0.0, 0.0, 0.0], [0.0, 1.0, 0.0, 0.0], [0.0, 0.0, 1.0, 0.0], [0.0, 0.0, 0.0, 1.0]], "T_rel_gt_ba": [[0.5634913925779839, -0.08996338738478751, -0.8212088890293255, 0.7002460651811759], [0.13918817797602576, 0.9901810467447191, -0.012967103733927463, -0.198760126612626], [0.8143120419115997, -0.10699571766097411, 0.5704803369091475, -0.25591031837779354], [0.0, 0.0, 0.0, 1.0]], "T_rel_pred_ba": [[-0.23825507301506166, -0.703142407154768, -0.6699442436358198, -0.04780256003141403], [0.10647968703590555, 0.6667387721776004, -0.7376458895839386, 0.20250876247882843], [0.96534792424208, -0.24708329614693467, -0.08398356111111567, 0.3134686052799225], [0.0, 0.0, 0.0, 1.0]]}
{"pair_idx": 5, "rel_a": "Street/img_west/image_west_0422.png", "rel_b": "Street/img_south/image_south_1_0424.png", "selected_variant": "v1_A2B_p2_s2", "pose_direction": "A2B", "T_wc_gt_a": [[-0.914466227807839, 0.14318746033592805, 0.37848232376353935, 0.0], [0.10483384154613551, 0.9872008458430636, -0.12018467303870171, 0.0], [-0.3908470082597299, -0.07022706863658, -0.9177727251150647, 0.0], [0.0, 0.0, 0.0, 1.0]], "T_wc_gt_b": [[-0.8698757855219126, 0.07414518838922389, -0.48766649341672275, 0.0], [-0.012602437718472012, 0.9849750979082318, 0.17223598655397526, 0.0], [0.49310982177014895, 0.15596970070945065, -0.8558715768936462, 0.0], [0.0, 0.0, 0.0, 1.0]], "T_wc_pred_a": [[0.6400239465070507, 0.2198173751233664, -0.7362404026536408, -0.0022024307399988187], [0.03216528418469734, 0.9496982289618495, 0.31151063114387467, -0.00039230979746207584], [0.7676815846386373, -0.22305560495490745, 0.6007590109796666, 0.010399582795798779], [0.0, 0.0, 0.0, 1.0]], "T_wc_pred_b": [[1.0, 0.0, 0.0, 0.0], [0.0, 1.0, 0.0, 0.0], [0.0, 0.0, 1.0, 0.0], [0.0, 0.0, 0.0, 1.0]], "T_rel_gt_ba": [[0.6215155418192081, 0.04061381049202976, 0.7823483557051129, 0.0], [0.21774886287186035, 0.9503469621009998, -0.22231977946960257, 0.0], [-0.7525316365410746, 0.308530663018635, 0.5818117960149083, 0.0], [0.0, 0.0, 0.0, 1.0]], "T_rel_pred_ba": [[0.6400237455144486, 0.03216526869936391, 0.7676813972376808, -0.006561339529868791], [0.21981731661101075, 0.9496980322839131, -0.22305557019012365, 0.003176393128239874], [-0.7362402403342806, 0.3115105745396007, 0.6007589178481245, -0.00774695159340746], [0.0, 0.0, 0.0, 1.0]]}
{"pair_idx": 6, "rel_a": "GreatCourt/seq1/frame00038.png", "rel_b": "GreatCourt/seq5/frame00265.png", "selected_variant": "v3_B2A_p2_s2", "pose_direction": "A2B", "T_wc_gt_a": [[0.5251243921871135, 0.848915154090816, -0.05989519083433026, -59.47155594738458], [-0.018728913897463395, -0.05883497547710137, -0.9980920165219389, 3.8688858591190827], [-0.8508193700864691, 0.5252442353949018, -0.01499642190953776, 51.29597636703745], [0.0, 0.0, 0.0, 1.0]], "T_wc_gt_b": [[-0.40951140287942867, 0.9123012137287962, -0.002627991759434567, 9.446928410952676], [-0.018072840275210278, -0.010992463623717308, -0.9997762440605737, 2.648897500664328], [-0.9121259690174977, -0.4093722769954588, 0.02098941331825044, 78.60516247478853], [0.0, 0.0, 0.0, 1.0]], "T_wc_pred_a": [[0.518184158958473, 0.040618328929194085, -0.8543040623759769, 0.03443599119782448], [-0.032526149206414876, 0.9990849614946079, 0.02777304444087919, -0.0030077775008976455], [0.8546504121233479, 0.013395670311582236, 0.5190311025318193, 0.017246546223759655], [0.0, 0.0, 0.0, 1.0]], "T_wc_pred_b": [[1.0, 0.0, 0.0, 0.0], [0.0, 1.0, 0.0, 0.0], [0.0, 0.0, 1.0, 0.0], [0.0, 0.0, 0.0, 1.0]], "T_rel_gt_ba": [[0.5595793029670098, -0.04338253813832809, 0.8276405977691235, 0.43918977912402823], [0.04105963071405787, 0.9988539135022796, 0.024596060798547526, -0.03535310886486487], [-0.8277590896007005, 0.020219170750976963, 0.5607192476788736, 0.5361745253642454], [0.0, 0.0, 0.0, 1.0]], "T_rel_pred_ba": [[0.518184075815701, -0.032526148177498146, 0.8546503456592457, -0.03268178038188578], [0.040618322671375065, 0.9990849088146131, 0.013395668310470328, 0.001375263895522424], [-0.8543039934366493, 0.02777304447192043, 0.5190311035130276, 0.020550846018238415], [0.0, 0.0, 0.0, 1.0]]}
{"pair_idx": 7, "rel_a": "StMarysChurch/seq5/frame00045.png", "rel_b": "StMarysChurch/seq6/frame00015.png", "selected_variant": "v0_A2B_p1_s1", "pose_direction": "A2B", "T_wc_gt_a": [[0.986217773346622, 0.03974940835767281, -0.160606625238332, -16.45947697134334], [-0.007632125412454088, 0.9806080868512014, 0.19583036195573753, 2.967907242675435], [0.16527629653679812, -0.1919056136157605, 0.9673964964097393, 9.454587270891254], [0.0, 0.0, 0.0, 1.0]], "T_wc_gt_b": [[0.7277550637003174, -0.056039481697854755, 0.6835438126042708, -2.7732831536619194], [-0.01049812393746579, 0.9956291863768446, 0.09280254645415702, 1.593096594564345], [-0.6857567765996486, -0.07471345076770423, 0.7239858725293205, 18.579369611963653], [0.0, 0.0, 0.0, 1.0]], "T_wc_pred_a": [[0.5841075719590474, 0.005057136904041638, -0.8116605368303278, 0.0032302166756141117], [0.06603486097363566, 0.9963696456064459, 0.053729657358337006, 0.007812869737494295], [0.8089856121261408, -0.0849817961885701, 0.5816531403990642, 0.03365696473686692], [0.0, 0.0, 0.0, 1.0]], "T_wc_pred_b": [[1.0, 0.0, 0.0, 0.0], [0.0, 1.0, 0.0, 0.0], [0.0, 0.0, 1.0, 0.0], [0.0, 0.0, 0.0, 1.0]], "T_rel_gt_ba": [[0.605715777277181, 0.07335154538332352, 0.7922928422921529, -0.5120206707470709], [0.014317530888660642, 0.9945757109272337, -0.10302506269272384, -0.14899334501985528], [-0.795552264447002, 0.07374758317033614, 0.6013799867885375, -0.41968011848253184], [0.0, 0.0, 0.0, 1.0]], "T_rel_pred_ba": [[0.5841075735343005, 0.06603487045714403, 0.8089856360361245, -0.029630716890096664], [0.0050571354635311795, 0.9963696953147358, -0.08498179002768695, -0.0049406131729483604], [-0.8116604651081167, 0.05372966138516837, 0.5816531045256128, -0.017374621704220772], [0.0, 0.0, 0.0, 1.0]]}
{"pair_idx": 8, "rel_a": "StMarysChurch/seq4/frame00098.png", "rel_b": "StMarysChurch/seq10/frame00036.png", "selected_variant": "v3_B2A_p2_s2", "pose_direction": "A2B", "T_wc_gt_a": [[-0.1979721321671113, -0.02007694810497801, 0.9800020158346602, -4.333836849102476], [-0.47176588822314547, 0.8783281641844713, -0.07730836118663367, 20.1200216581389], [-0.8592112555095134, -0.4776364225591746, -0.1833561186615793, 34.27366534601259], [0.0, 0.0, 0.0, 1.0]], "T_wc_gt_b": [[0.7751969667308705, -0.0021301933853697733, 0.631716016139688, -36.972048932398486], [-0.07256774753900866, 0.9930742180101115, 0.09239869880425908, 3.3095832180321363], [-0.6275377158293933, -0.11746939941851414, 0.7696735382042709, 15.03416539973959], [0.0, 0.0, 0.0, 1.0]], "T_wc_pred_a": [[0.5074342629473807, 0.09973749731076681, 0.8558988445455054, -0.0758800038938629], [-0.42098940914551497, 0.8953595945215614, 0.1452549668360177, -0.002627107970198006], [-0.751849878984916, -0.434031732435503, 0.49632452740757643, 0.008949772839425642], [0.0, 0.0, 0.0, 1.0]], "T_wc_pred_b": [[1.0, 0.0, 0.0, 0.0], [0.0, 1.0, 0.0, 0.0], [0.0, 0.0, 1.0, 0.0], [0.0, 0.0, 0.0, 1.0]], "T_rel_gt_ba": [[0.4656583406807991, -0.4164194243463152, -0.7808694979197793, 0.1876660308648681], [0.08497940325615513, 0.8993368506975092, -0.4289192581357397, 0.28382828708641483], [0.8808750256288532, 0.13337200607537164, 0.4541707797941194, 0.6021890778368668], [0.0, 0.0, 0.0, 1.0]], "T_rel_pred_ba": [[0.507434282586342, -0.4209894992352494, -0.7518500090007912, 0.044127017259597785], [0.09973745800456621, 0.8953596723783411, -0.43403177293459966, 0.013804771006107325], [0.8558989173084526, 0.14525497274510213, 0.49632465408424153, 0.060885220766067505], [0.0, 0.0, 0.0, 1.0]]}
{"pair_idx": 9, "rel_a": "StMarysChurch/seq13/frame00261.png", "rel_b": "StMarysChurch/seq12/frame00163.png", "selected_variant": "v0_A2B_p1_s1", "pose_direction": "A2B", "T_wc_gt_a": [[-0.015424123815724444, 0.03247901350877039, -0.9993533959946374, 10.428748054584974], [0.46674577649933535, 0.8841294140462241, 0.021530428196225304, 3.796221005650439], [0.8842570194940776, -0.4661118888204606, -0.028796363931456126, 9.814484916565181], [0.0, 0.0, 0.0, 1.0]], "T_wc_gt_b": [[0.7763044546296073, -0.00956470038708744, -0.6302855783125085, 14.624580793403254], [0.10061860014688331, 0.9889448847149912, 0.1089215878535305, -0.9420204384546482], [0.6222758962282804, -0.14797476643859925, 0.7686847061511842, -1.6093624150518202], [0.0, 0.0, 0.0, 1.0]], "T_wc_pred_a": [[0.5777930997455772, -0.0649672968681602, -0.8135932925677857, 0.06294910609722137], [0.43801375646756435, 0.8658022507848628, 0.24192982623237508, -0.03874390944838523], [0.6886935316687501, -0.4961504744660476, 0.5287111948077345, 0.013706880621612075], [0.0, 0.0, 0.0, 1.0]], "T_wc_pred_b": [[1.0, 0.0, 0.0, 0.0], [0.0, 1.0, 0.0, 0.0], [0.0, 0.0, 1.0, 0.0], [0.0, 0.0, 0.0, 1.0]], "T_rel_gt_ba": [[0.6175935650730644, 0.3403100741402521, 0.7090608167280145, -0.06710583946683535], [-0.07828315819529674, 0.9236636965292084, -0.3751228103661102, 0.049580532558136436], [-0.7825918064504079, 0.1761659137082275, 0.5970893026374131, 0.023201667325920772], [0.0, 0.0, 0.0, 1.0]], "T_rel_pred_ba": [[0.5777932606448068, 0.43801387793636876, 0.6886937586169002, -0.028841042376897875], [-0.06496730607153041, 0.8658025977657634, -0.4961507133973175, 0.04443488988962556], [-0.813593593637584, 0.24192989748592758, 0.5287114288979774, 0.05334131504777727], [0.0, 0.0, 0.0, 1.0]]}
{"pair_idx": 10, "rel_a": "Street/img_north/image_north_1_0426.png", "rel_b": "Street/img_east/image_east_0382.png", "selected_variant": "v2_B2A_p1_s1", "pose_direction": "A2B", "T_wc_gt_a": [[0.9379825597602297, 0.049126418724936734, 0.3431840797136564, 0.0], [-0.04185209731740364, 0.9987150874208712, -0.028575795842917605, 0.0], [-0.344146944684653, 0.01244062462996603, 0.938833377827522, 0.0], [0.0, 0.0, 0.0, 1.0]], "T_wc_gt_b": [[0.7924943218910384, 0.06456534593053485, -0.6064520309763449, 0.0], [-0.08336856986371118, 0.9965147039422942, -0.0028506816169540303, 0.0], [0.6041543108588588, 0.052818187508396175, 0.7951149651081818, 0.0], [0.0, 0.0, 0.0, 1.0]], "T_wc_pred_a": [[0.4825955280963374, -0.022018980057123303, 0.8755665732442421, 0.007980900816619396], [0.045232360228885195, 0.998976548285802, 0.00019131057152638398, -0.0023701451718807225], [-0.8746746322418857, 0.03951161728578678, 0.48309757747337023, 0.009586500003933907], [0.0, 0.0, 0.0, 1.0]], "T_wc_pred_b": [[1.0, 0.0, 0.0, 0.0], [0.0, 1.0, 0.0, 0.0], [0.0, 0.0, 1.0, 0.0], [0.0, 0.0, 0.0, 1.0]], "T_rel_gt_ba": [[0.5383930347210127, 0.04864468504780214, -0.841288675057794, 0.0], [-0.03022137450015884, 0.99880487965896, 0.038411988919757285, 0.0], [0.842151772952607, 0.00474415282748601, 0.5392196994980153, 0.0], [0.0, 0.0, 0.0, 1.0]], "T_rel_pred_ba": [[0.48259549492297893, 0.045232358228055436, -0.8746745106673987, 0.004640727675893266], [-0.022018973750094165, 0.9989764011885838, 0.03951160911694759, 0.002164672298728096], [0.8755664735878397, 0.00019131343556943087, 0.4830974886967469, -0.011618569820737949], [0.0, 0.0, 0.0, 1.0]]}
{"pair_idx": 11, "rel_a": "GreatCourt/seq5/frame00094.png", "rel_b": "GreatCourt/seq1/frame00138.png", "selected_variant": "v3_B2A_p2_s2", "pose_direction": "A2B", "T_wc_gt_a": [[0.8203117458379566, -0.5717182462631774, -0.015062753069754853, 1.4764159381114224], [0.027140556123988635, 0.065222401780056, -0.9975015932414952, -2.3479768226680933], [0.5712722904653824, 0.8178534619330027, 0.06901945342175664, -55.20660544090023], [0.0, 0.0, 0.0, 1.0]], "T_wc_gt_b": [[-0.029281560793314565, -0.9995710367790194, -0.0005767408638637783, 46.68954569456888], [0.01385165666437832, 0.00017116081857926346, -0.9999040465522813, 0.8113785524819327], [0.9994752232072388, -0.02928673994303238, 0.013840702957204742, -29.649688634974304], [0.0, 0.0, 0.0, 1.0]], "T_wc_pred_a": [[0.6038154965901553, 0.01700207795393169, 0.7969426473130472, -0.07463755712534163], [-0.04652083064005729, 0.9988200177473205, 0.013938244895239794, 0.0005006964519061237], [-0.7957653831290988, -0.04549056721974338, 0.6038939448131213, -0.040209437757323475], [0.0, 0.0, 0.0, 1.0]], "T_wc_pred_b": [[1.0, 0.0, 0.0, 0.0], [0.0, 1.0, 0.0, 0.0], [0.0, 0.0, 1.0, 0.0], [0.0, 0.0, 0.0, 1.0]], "T_rel_gt_ba": [[0.5474616792127607, -0.06541384168202573, -0.83427018351967, -0.32955049095500755], [0.026326128644742833, 0.9977929847093072, -0.06095977866981923, -0.25007741030898056], [0.8364165497789514, 0.011410038619205807, 0.5479755161269372, -0.6059287436509848], [0.0, 0.0, 0.0, 1.0]], "T_rel_pred_ba": [[0.6038155608870092, -0.0465208358987926, -0.7957654765479203, 0.013093328837668112], [0.017002079127584547, 0.998820127387028, -0.04549057285229007, -0.0010602623993895839], [0.7969428398904098, 0.013938247626325133, 0.6038940973726562, 0.08375713002714102], [0.0, 0.0, 0.0, 1.0]]}
{"pair_idx": 12, "rel_a": "GreatCourt/seq4/frame00130.png", "rel_b": "GreatCourt/seq1/frame00169.png", "selected_variant": "v3_B2A_p2_s2", "pose_direction": "A2B", "T_wc_gt_a": [[-0.3639695851393232, -0.9311545242653559, -0.021849325702813893, 33.92853070226387], [0.05087109100899889, 0.003549752473919643, -0.998698919272935, -0.3472436441125515], [0.9300205767578817, -0.3646075303631737, 0.04607684461206407, -19.523522969981855], [0.0, 0.0, 0.0, 1.0]], "T_wc_gt_b": [[0.5974664302799968, -0.7995137203825341, -0.061738769088448775, 1.4509670783066697], [0.04059882877940124, 0.10705160387693502, -0.9934242241908119, -2.556035469942146], [0.8008655316532349, 0.5910311032656866, 0.09641906026469327, -38.652664961656534], [0.0, 0.0, 0.0, 1.0]], "T_wc_pred_a": [[0.541212733137299, -0.08750215131683459, -0.8363206611944497, 0.022500178358158623], [0.08133553388508248, 0.995355083759618, -0.051506431036219304, 0.0031651513751495795], [0.8369429025455013, -0.04014664030779222, 0.5458158686094786, 0.010897443982349634], [0.0, 0.0, 0.0, 1.0]], "T_wc_pred_b": [[1.0, 0.0, 0.0, 0.0], [0.0, 1.0, 0.0, 0.0], [0.0, 0.0, 1.0, 0.0], [0.0, 0.0, 0.0, 1.0]], "T_rel_gt_ba": [[0.5283601596570446, 0.08921413530860975, 0.8443200694927956, 0.0395644917397715], [-0.09275267471244167, 0.9945770124883125, -0.04704792836577323, 0.017745737783806614], [-0.8439386725472829, -0.05345469381597829, 0.533769718781583, 0.38343776332917656], [0.0, 0.0, 0.0, 1.0]], "T_rel_pred_ba": [[0.5412126923395215, 0.08133551289799362, 0.836942795111252, -0.021555358543992043], [-0.0875021512657992, 0.9953549610684543, -0.04014664395805057, -0.0007441393099725251], [-0.8363205712158062, -0.05150642233232035, 0.5458157815738548, 0.013032390736043457], [0.0, 0.0, 0.0, 1.0]]}
{"pair_idx": 13, "rel_a": "Street/img/image2_002337.png", "rel_b": "Street/img/image2_002433.png", "selected_variant": "v0_A2B_p1_s1", "pose_direction": "A2B", "T_wc_gt_a": [[-0.5511138912626905, 0.02431642752463943, 0.8340756501719337, 0.0], [-0.12323086433576404, 0.986242937471629, -0.11017723159706297, 0.0], [-0.8252803359661223, -0.16350406612610982, -0.5405356486189166, 0.0], [0.0, 0.0, 0.0, 1.0]], "T_wc_gt_b": [[-0.9995223360530772, -0.028984223115090045, 0.01072448327027614, 0.0], [-0.02980580221841219, 0.9957927760738348, -0.08665080076538566, 0.0], [-0.00816785682518052, -0.08692906262913654, -0.9961810197877208, 0.0], [0.0, 0.0, 0.0, 1.0]], "T_wc_pred_a": [[0.4656631985788537, -0.039057013090167014, -0.8840998700075725, 0.05688576852973243], [0.11965983292046305, 0.9926299157838271, 0.01917432835930977, -0.004018800278017513], [0.8768349902372753, -0.11472000857796799, 0.4669047275164751, 0.037451539776102466], [0.0, 0.0, 0.0, 1.0]], "T_wc_pred_b": [[1.0, 0.0, 0.0, 0.0], [0.0, 1.0, 0.0, 0.0], [0.0, 0.0, 1.0, 0.0], [0.0, 0.0, 0.0, 1.0]], "T_rel_gt_ba": [[0.5590908816218636, 0.0934049221723352, 0.8238282021157494, 0.0], [-0.031632808474553534, 0.9953135327016818, -0.09138017864346148, 0.0], [-0.8285027166613879, 0.025029824907073034, 0.5594253805020127, 0.0], [0.0, 0.0, 0.0, 1.0]], "T_rel_pred_ba": [[0.4656630861776032, 0.11965979905647137, 0.8768347235549896, -0.05884752422571182], [-0.039057003452657564, 0.9926296377075895, -0.1147199741859068, 0.01050740759819746], [-0.8840996525976516, 0.019174322484812812, 0.4669045834443663, 0.032883450388908386], [0.0, 0.0, 0.0, 1.0]]}
{"pair_idx": 14, "rel_a": "Street/img_east/image_east_0139.png", "rel_b": "Street/img_north/image_north_1_0205.png", "selected_variant": "v3_B2A_p2_s2", "pose_direction": "A2B", "T_wc_gt_a": [[0.8319315597029204, 0.06080615435561039, -0.5515364825310723, 0.0], [-0.05729909861453965, 0.9980779044016057, 0.023607415005895322, 0.0], [0.551911852806431, 0.01196278971565561, 0.8338166455486431, 0.0], [0.0, 0.0, 0.0, 1.0]], "T_wc_gt_b": [[0.8471281017845989, 0.10570746793437971, 0.5207685766151067, 0.0], [-0.1076096407248524, 0.9938350384507457, -0.02668485657958421, 0.0], [-0.5203788469854345, -0.033434227529686986, 0.8532807322561565, 0.0], [0.0, 0.0, 0.0, 1.0]], "T_wc_pred_a": [[0.3027707706279803, -0.008799761943621958, -0.9530229346614808, 0.04999477678013772], [0.0915417235746372, 0.9956026407438933, 0.019889447356496528, -0.0020380848176029132], [0.9486569432864813, -0.09326328986970694, 0.3022449284622004, 0.016380841577394348], [0.0, 0.0, 0.0, 1.0]], "T_wc_pred_b": [[1.0, 0.0, 0.0, 0.0], [0.0, 1.0, 0.0, 0.0], [0.0, 0.0, 1.0, 0.0], [0.0, 0.0, 0.0, 1.0]], "T_rel_gt_ba": [[0.42395739863858506, 0.06925861134242434, 0.9030301040909561, 0.0], [-0.01437489756049732, 0.997460767429931, -0.06975227421538642, 0.0], [-0.9055680462890289, 0.01659102748512774, 0.42387645764687, 0.0], [0.0, 0.0, 0.0, 1.0]], "T_rel_pred_ba": [[0.302770740801312, 0.09154171845174121, 0.9486569293217657, -0.030490184685881983], [-0.00879975751696982, 0.9956025454383207, -0.09326328581274024, 0.003996795454890649], [-0.9530226405677087, 0.019889438711834323, 0.3022448608415413, 0.04273566536164237], [0.0, 0.0, 0.0, 1.0]]}
{"pair_idx": 15, "rel_a": "Street/img_south/image_south_1_0044.png", "rel_b": "Street/img/image1_000216.png", "selected_variant": "v2_B2A_p1_s1", "pose_direction": "A2B", "T_wc_gt_a": [[-0.6426637392079573, -0.030141769959986204, -0.76555521813317, 0.0], [0.0004911558336064895, 0.9992093918853804, -0.039753615357543286, 0.0], [0.7661482082947093, -0.02592421400404765, -0.6421408397346167, 0.0], [0.0, 0.0, 0.0, 1.0]], "T_wc_gt_b": [[-0.996222895592838, -0.08674085285206355, 0.003995840727335819, 0.0], [-0.0868297209235148, 0.9955218727238043, -0.03737379419906602, 0.0], [-0.0007361120608389102, -0.037579587211493744, -0.9992933667167254, 0.0], [0.0, 0.0, 0.0, 1.0]], "T_wc_pred_a": [[0.6239261931155097, 0.05713989650501681, 0.779391381582742, -0.00868062132496458], [-0.08240917835982321, 0.99657322466961, -0.007091234281329136, 0.003754734858643301], [-0.7771258793351902, -0.05980460409658883, 0.6264971171134321, -0.008590895979123813], [0.0, 0.0, 0.0, 1.0]], "T_wc_pred_b": [[1.0, 0.0, 0.0, 0.0], [0.0, 1.0, 0.0, 0.0], [0.0, 0.0, 1.0, 0.0], [0.0, 0.0, 0.0, 1.0]], "T_rel_gt_ba": [[0.6397918172794311, -0.08732042463197698, -0.7635715906084872, 0.0], [0.054407225015844086, 0.9961779015680272, -0.0683333175954257, 0.0], [0.7666200391382678, 0.0021752860991680156, 0.6420973319692492, 0.0], [0.0, 0.0, 0.0, 1.0]], "T_rel_pred_ba": [[0.6239263512545008, -0.0824091982051218, -0.7771260083123135, -0.0009507156210020178], [0.05713991151085944, 0.9965734734682763, -0.05980461453625349, -0.003759634448215366], [0.7793915260054799, -0.00709123548245514, 0.6264971783892379, 0.012174400500953196], [0.0, 0.0, 0.0, 1.0]]}
{"pair_idx": 16, "rel_a": "StMarysChurch/seq10/frame00046.png", "rel_b": "StMarysChurch/seq4/frame00105.png", "selected_variant": "v3_B2A_p2_s2", "pose_direction": "A2B", "T_wc_gt_a": [[0.6239600158391805, 0.07843105216310192, 0.777510429956125, -37.125891283212155], [-0.1582345096714972, 0.9870207759927061, 0.02741947679619694, 6.453899433414863], [-0.7652684095028296, -0.1401376388246395, 0.6282719981040572, 17.771264964933074], [0.0, 0.0, 0.0, 1.0]], "T_wc_gt_b": [[-0.21577161897456199, 0.0008143162298500373, 0.9764435187629512, -8.602752183334252], [-0.4912592720795542, 0.8641311912953531, -0.10927768219696277, 21.711227400795583], [-0.8438642876914288, -0.5032659546597124, -0.1860549457538967, 34.78802862682707], [0.0, 0.0, 0.0, 1.0]], "T_wc_pred_a": [[0.6202239854611544, -0.3534025214927864, -0.7003063246952806, 0.019511581882392704], [0.06863993687813548, 0.9137904113582535, -0.4003443686988897, 0.012316902266450542], [0.7814159517164138, 0.20023417277029762, 0.5910122324992922, -0.001961618096590499], [0.0, 0.0, 0.0, 1.0]], "T_wc_pred_b": [[1.0, 0.0, 0.0, 0.0], [0.0, 1.0, 0.0, 0.0], [0.0, 0.0, 1.0, 0.0], [0.0, 0.0, 0.0, 1.0]], "T_rel_gt_ba": [[0.6246260249869412, 0.061719833772072616, 0.7784812078837616, 0.3541162972603722], [-0.323715962317223, 0.927653272159584, 0.18619178927291866, 0.3971392281057575], [-0.7106689135244676, -0.3683070305747155, 0.5994160713387553, 0.12844651290780007], [0.0, 0.0, 0.0, 1.0]], "T_rel_pred_ba": [[0.620223895584682, 0.0686399512756657, 0.7814158648004467, -0.011414141394197937], [-0.35340249601574975, 0.9137904381036499, 0.20023418541155324, -0.0039668427780270585], [-0.7003062989925332, -0.400344379185448, 0.5910122204532474, 0.019754426553845402], [0.0, 0.0, 0.0, 1.0]]}
{"pair_idx": 17, "rel_a": "GreatCourt/seq3/frame00316.png", "rel_b": "GreatCourt/seq1/frame00187.png", "selected_variant": "v2_B2A_p1_s1", "pose_direction": "A2B", "T_wc_gt_a": [[0.9606400902179102, 0.23721853006325969, -0.14456135742566775, -31.81400355761849], [-0.15900186582586015, 0.042810828798774625, -0.9863496538253852, 5.713087176609534], [-0.2277916234851942, 0.9705125459942229, 0.07884398732808451, -4.727639901825696], [0.0, 0.0, 0.0, 1.0]], "T_wc_gt_b": [[0.6575550919369029, -0.7474051589067223, -0.09490431764397428, -10.66985459600433], [-0.07484503654683528, 0.060541218719375234, -0.9953557059364635, 2.9984444627301534], [0.7496796126160523, 0.6616043298494878, -0.016130379792675953, -30.66533717590662], [0.0, 0.0, 0.0, 1.0]], "T_wc_pred_a": [[0.23163543927755312, 0.13818305248561394, 0.9629383893992118, -0.1686021536588669], [-0.030348180694998166, 0.9904047220136081, -0.1348241934098823, 0.04686211422085763], [-0.9723291276899906, 0.0020066340940554732, 0.23360641559597042, 0.09566059708595277], [0.0, 0.0, 0.0, 1.0]], "T_wc_pred_b": [[1.0, 0.0, 0.0, 0.0], [0.0, 1.0, 0.0, 0.0], [0.0, 0.0, 1.0, 0.0], [0.0, 0.0, 0.0, 1.0]], "T_rel_gt_ba": [[0.4680949266681327, -0.04294067994787071, -0.882634260400745, 0.2946659660949109], [0.08635232822369278, 0.9962610761921684, -0.0026727279640449265, 0.04129566572911969], [0.8794489269070168, -0.07496643295526802, 0.470052783091495, -0.03601582644255075], [0.0, 0.0, 0.0, 1.0]], "T_rel_pred_ba": [[0.2316354538629147, -0.030348184411111728, -0.9723292049822929, 0.13349000878202158], [0.13818302839818855, 0.9904046284850686, 0.0020066331468696777, -0.02330645436285641], [0.9629385196751399, -0.1348242225690098, 0.23360645115142012, 0.14632472377580172], [0.0, 0.0, 0.0, 1.0]]}
{"pair_idx": 18, "rel_a": "GreatCourt/seq2/frame00106.png", "rel_b": "GreatCourt/seq5/frame00266.png", "selected_variant": "v2_B2A_p1_s1", "pose_direction": "A2B", "T_wc_gt_a": [[0.4714564347594794, 0.8801606215643498, -0.05519157880816661, -55.93575073541638], [-0.1199485305729982, 0.001996812397835779, -0.9927781034821559, 9.92340590877917], [-0.8736939854075105, 0.4746717739530182, 0.1065153832788277, 54.17533623465563], [0.0, 0.0, 0.0, 1.0]], "T_wc_gt_b": [[-0.42177454934929637, 0.9067007226299961, 0.00017059730705987208, 11.01378330014592], [-0.026514477589248686, -0.01214580160762968, -0.9995746405253974, 3.270388372268194], [-0.9063129768459499, -0.42159966684705913, 0.029163485989872506, 77.60561822420057], [0.0, 0.0, 0.0, 1.0]], "T_wc_pred_a": [[0.6049939287199474, 0.035907996368063064, -0.7954198008717405, 0.01233593625678861], [0.05602116772873169, 0.9945871799001724, 0.0875086277604893, -0.005342640164106192], [0.7942566778311243, -0.09750255397750007, 0.5997077063011271, -0.019349817419819046], [0.0, 0.0, 0.0, 1.0]], "T_wc_pred_b": [[1.0, 0.0, 0.0, 0.0], [0.0, 1.0, 0.0, 0.0], [0.0, 0.0, 1.0, 0.0], [0.0, 0.0, 0.0, 1.0]], "T_rel_gt_ba": [[0.5991845307596402, 0.052232383400648806, 0.798905298657255, 0.7303335407621905], [0.03197742518109637, 0.9955119356481711, -0.08906980555058532, 0.005587295945534532], [-0.7999720884988034, 0.07891618405827373, 0.594825094894746, -0.14938795727492504], [0.0, 0.0, 0.0, 1.0]], "T_rel_pred_ba": [[0.6049941414257148, 0.056021181259392434, 0.7942568984843231, 0.008204857818782336], [0.03590799963555301, 0.9945873885261607, -0.09750257170888872, 0.0029841067735105744], [-0.7954200191048897, 0.08750865241258263, 0.5997078258717748, 0.021884014829993248], [0.0, 0.0, 0.0, 1.0]]}
{"pair_idx": 19, "rel_a": "Street/img_west/image_west_0423.png", "rel_b": "Street/img_south/image_south_1_0425.png", "selected_variant": "v3_B2A_p2_s2", "pose_direction": "A2B", "T_wc_gt_a": [[-0.9428689986681802, 0.10540061326759617, 0.31605183447225593, 0.0], [0.0752192535685623, 0.9914898756641405, -0.10625389568432564, 0.0], [-0.32456141983151965, -0.07641032115049548, -0.942773221712744, 0.0], [0.0, 0.0, 0.0, 1.0]], "T_wc_gt_b": [[-0.8234191899709995, 0.04613086807208939, -0.5655552851829947, 0.0], [-0.026154414484537765, 0.9925450694668735, 0.1190387822517113, 0.0], [0.5668304721788288, 0.1128105849994353, -0.8160741312660333, 0.0], [0.0, 0.0, 0.0, 1.0]], "T_wc_pred_a": [[0.6494632774032104, 0.167335491990954, -0.7417520326257441, -0.012323378841278898], [0.02731174004692093, 0.9697222608705768, 0.24267801322277033, -0.00022215165380130335], [0.759902143268966, -0.17786904421345331, 0.6252289286131337, 0.018514122328185466], [0.0, 0.0, 0.0, 1.0]], "T_wc_pred_b": [[1.0, 0.0, 0.0, 0.0], [0.0, 1.0, 0.0, 0.0], [0.0, 0.0, 1.0, 0.0], [0.0, 0.0, 0.0, 1.0]], "T_rel_gt_ba": [[0.6024938635399196, 0.04389376408097894, 0.796915605237809, 0.0], [0.1668974711173227, 0.969482737629954, -0.17957854986654861, 0.0], [-0.7804783011278293, 0.24119817352611403, 0.5767816420069931, 0.0], [0.0, 0.0, 0.0, 1.0]], "T_rel_pred_ba": [[0.6494634842485351, 0.027311741765205236, 0.7599022991181779, -0.006059272214770321], [0.16733549563002897, 0.9697224389682408, -0.17786904246260984, 0.005570653360337018], [-0.7417521291175784, 0.24267807410062397, 0.6252289357663027, -0.02066254615783691], [0.0, 0.0, 0.0, 1.0]]}
{"pair_idx": 20, "rel_a": "GreatCourt/seq1/frame00188.png", "rel_b": "GreatCourt/seq3/frame00316.png", "selected_variant": "v1_A2B_p2_s2", "pose_direction": "A2B", "T_wc_gt_a": [[0.624963937500977, -0.7741911305653207, -0.10024056153706123, -9.659796735286008], [-0.04157014653391644, 0.09521965151204181, -0.9945879251645247, 1.5892713664053972], [0.7795460215666703, 0.625748600733486, 0.02732560959357766, -31.19046019169949], [0.0, 0.0, 0.0, 1.0]], "T_wc_gt_b": [[0.9606400902179102, 0.23721853006325969, -0.14456135742566775, -31.81400355761849], [-0.15900186582586015, 0.042810828798774625, -0.9863496538253852, 5.713087176609534], [-0.2277916234851942, 0.9705125459942229, 0.07884398732808451, -4.727639901825696], [0.0, 0.0, 0.0, 1.0]], "T_wc_pred_a": [[0.5101588652778358, -0.05946728019991091, -0.8580218055582212, -0.008380936785575664], [0.1405713544675729, 0.98995724837677, 0.014968906159045179, 0.0008810357880940843], [0.8485148834152155, -0.1282498116568382, 0.5133948631660089, 0.020846651415841064], [0.0, 0.0, 0.0, 1.0]], "T_wc_pred_b": [[1.0, 0.0, 0.0, 0.0], [0.0, 1.0, 0.0, 0.0], [0.0, 0.0, 1.0, 0.0], [0.0, 0.0, 0.0, 1.0]], "T_rel_gt_ba": [[0.43120384296806913, 0.12643289698907123, 0.8933520965266268, 0.014464737855860221], [-0.03364195291335081, 0.991697618745645, -0.12411306127234571, -0.059107376801426526], [-0.9016271207177304, 0.023463919816774995, 0.4318772738326102, -0.00401423771285625], [0.0, 0.0, 0.0, 1.0]], "T_rel_pred_ba": [[0.510158883971566, 0.14057137481664173, 0.848515009172795, -0.013536935672163963], [-0.05946729010391552, 0.9899575207210562, -0.12824984739755768, 0.0013030002592131495], [-0.8580219755130276, 0.014968910711912697, 0.5133950221404967, -0.017906783148646355], [0.0, 0.0, 0.0, 1.0]]}
{"pair_idx": 21, "rel_a": "StMarysChurch/seq5/frame00043.png", "rel_b": "StMarysChurch/seq6/frame00017.png", "selected_variant": "v0_A2B_p1_s1", "pose_direction": "A2B", "T_wc_gt_a": [[0.9611720257772318, 0.014447238946370412, -0.2755714320282834, -16.268318507258556], [0.031266919658788306, 0.9864956885725306, 0.1607751105204396, 1.7106616817421656], [0.2741727860279777, -0.16314880849897487, 0.947740338746337, 7.1037667977951475], [0.0, 0.0, 0.0, 1.0]], "T_wc_gt_b": [[0.8225005839902235, -0.002767190690324682, 0.5687575335689407, -4.436420872869659], [-0.058822407280501365, 0.9942119954871453, 0.089902349419775, 2.155015250885246], [-0.5657143393422762, -0.10740042218330371, 0.8175771740804534, 17.280019926347464], [0.0, 0.0, 0.0, 1.0]], "T_wc_pred_a": [[0.5877601518562903, -0.06788338841130345, -0.8061821727719714, 0.016266444697976112], [0.12145118519733297, 0.9925848692446553, 0.004966791768254917, -0.0010289544006809605], [0.799867149756146, -0.10083106688961482, 0.5916463404282263, 0.03899122774600983], [0.0, 0.0, 0.0, 1.0]], "T_wc_pred_b": [[1.0, 0.0, 0.0, 0.0], [0.0, 1.0, 0.0, 0.0], [0.0, 0.0, 1.0, 0.0], [0.0, 0.0, 0.0, 1.0]], "T_rel_gt_ba": [[0.6337912462492586, 0.11442929331234453, 0.7649931980154131, 0.2442139002863355], [-0.06694935327705687, 0.9934007117565967, -0.09312792265089428, 0.028048360576764075], [-0.7706013497740549, 0.007807862289035455, 0.6372696423123261, 0.20326018896451714], [0.0, 0.0, 0.0, 1.0]], "T_rel_pred_ba": [[0.5877601940607444, 0.12145120446169348, 0.799867311156995, -0.040623609436972845], [-0.0678833966724064, 0.9925850864531396, -0.10083109382204872, 0.006057074453733509], [-0.8061823320479394, 0.004966792317920929, 0.5916465343513482, -0.009950193842474829], [0.0, 0.0, 0.0, 1.0]]}
{"pair_idx": 22, "rel_a": "StMarysChurch/seq4/frame00097.png", "rel_b": "StMarysChurch/seq10/frame00036.png", "selected_variant": "v3_B2A_p2_s2", "pose_direction": "A2B", "T_wc_gt_a": [[-0.10495151798177305, -0.035715104716144586, 0.993835806443115, -7.2511613708606255], [-0.49165289258724054, 0.8705467360802025, -0.02063524922809462, 20.059638068038844], [-0.8644435274116646, -0.49078794972495104, -0.10892463596844393, 33.39629761476615], [0.0, 0.0, 0.0, 1.0]], "T_wc_gt_b": [[0.7751969667308705, -0.0021301933853697733, 0.631716016139688, -36.972048932398486], [-0.07256774753900866, 0.9930742180101115, 0.09239869880425908, 3.3095832180321363], [-0.6275377158293933, -0.11746939941851414, 0.7696735382042709, 15.03416539973959], [0.0, 0.0, 0.0, 1.0]], "T_wc_pred_a": [[0.6194883059539826, 0.10932461619714189, 0.7773561040104582, 0.004642555787256241], [-0.4130323267424612, 0.8874966467054788, 0.2043380730631155, -0.011353953875384251], [-0.6675618316035296, -0.44765822961990737, 0.5949483980185424, 0.0039494007319371], [0.0, 0.0, 0.0, 1.0]], "T_wc_pred_b": [[1.0, 0.0, 0.0, 0.0], [0.0, 1.0, 0.0, 0.0], [0.0, 0.0, 1.0, 0.0], [0.0, 0.0, 0.0, 1.0]], "T_rel_gt_ba": [[0.5465399780297717, -0.396017881351362, -0.7378779642089839, -0.42263189159713477], [0.06397748091402766, 0.8982889919820186, -0.4347226343541636, 0.2722686733449766], [0.8349855893074511, 0.19038572565690715, 0.5162870723880089, 0.02763517602632959], [0.0, 0.0, 0.0, 1.0]], "T_rel_pred_ba": [[0.6194881795031059, -0.41303226341137733, -0.6675615939187882, -0.004929089453071355], [0.10932459655727611, 0.8874966267414451, -0.4476581395927057, 0.011337031610310076], [0.7773560205471068, 0.2043380482262859, 0.5949482519648005, -0.0036385629791766405], [0.0, 0.0, 0.0, 1.0]]}
