{"pair_idx": 2460, "rel_a": "GreatCourt/seq1/frame00038.png", "rel_b": "GreatCourt/seq3/frame00516.png", "T_wc_gt_a": [[0.5251243921871135, 0.848915154090816, -0.05989519083433026, -59.47155594738458], [-0.018728913897463395, -0.05883497547710137, -0.9980920165219389, 3.8688858591190827], [-0.8508193700864691, 0.5252442353949018, -0.01499642190953776, 51.29597636703745], [0.0, 0.0, 0.0, 1.0]], "T_wc_gt_b": [[-0.31670233536636827, 0.9478816120943534, -0.03492964681896926, 0.8115060387392928], [-0.08322016729470266, -0.06445069416083538, -0.9944448259092246, 8.967573927413595], [-0.9448672047059998, -0.3120361477066337, 0.09929455169078483, 78.67108496270615], [0.0, 0.0, 0.0, 1.0]], "T_wc_pred_a": [[1.0, 3.743171691894531e-05, -6.794929504394531e-05, 1.7404556274414062e-05], [-3.743171691894531e-05, 1.0, -3.159046173095703e-05, 6.556510925292969e-07], [6.794929504394531e-05, 3.159046173095703e-05, 1.0, 5.626678466796875e-05], [0.0, 0.0, 0.0, 1.0]], "T_wc_pred_b": [[0.5930360555648804, -0.033435288816690445, 0.8046453595161438, -0.0294952392578125], [-0.02781693823635578, 0.997688889503479, 0.061954520642757416, 0.0005559921264648438], [-0.8046453595161438, -0.05914534628391266, 0.5908375978469849, -0.01024627685546875], [0.0, 0.0, 0.0, 1.0]], "T_rel_gt_ba": [[0.6404550612894234, -0.014974099002620037, 0.7678496537915611, -0.429299566446658], [-0.0388516481111008, 0.9978980199697763, 0.05186608891608247, 0.13573075353213504], [-0.7670122971033854, -0.0630501237069328, 0.6385270691151066, 0.5457345081734672], [0.0, 0.0, 0.0, 1.0]], "T_rel_pred_ba": [[0.5929801244913231, -0.03348290543873249, 0.8046845943571351, -0.029550814875451612], [-0.027783804841945627, 0.9976879713910727, 0.06198415017648443, 0.0005523339072204795], [-0.8046877161551143, -0.05913388848732219, 0.5907810518171003, -0.010265474201859515], [0.0, 0.0, 0.0, 1.0]]}
{"pair_idx": 2461, "rel_a": "GreatCourt/seq1/frame00039.png", "rel_b": "GreatCourt/seq5/frame00264.png", "T_wc_gt_a": [[0.5412433181273673, 0.8397138636374057, -0.04400338393371522, -61.06057719014211], [-0.020131838562922444, -0.039375449330279144, -0.9990216629613772, 3.576492334442512], [-0.8406249934772068, 0.5415996687639121, -0.004406714906480369, 49.64553106600951], [0.0, 0.0, 0.0, 1.0]], "T_wc_gt_b": [[-0.3033787966815331, 0.9527160356192195, 0.017130709210741724, -0.14013847448704186], [-0.04495279866514218, 0.003648045986832882, -0.9989824511234664, 4.2827112831874725], [-0.9518090941025075, -0.3038401672499475, 0.041720512332519055, 79.07772225550781], [0.0, 0.0, 0.0, 1.0]], "T_wc_pred_a": [[1.0, -3.4689903259277344e-05, 5.233287811279297e-05, 3.445148468017578e-05], [3.4689903259277344e-05, 1.0, -6.604194641113281e-05, -9.417533874511719e-06], [-5.233287811279297e-05, 6.604194641113281e-05, 1.0, -6.67572021484375e-06], [0.0, 0.0, 0.0, 1.0]], "T_wc_pred_b": [[0.610617995262146, -0.05617494136095047, 0.7894988656044006, 0.00994110107421875], [0.028163712471723557, 0.998388409614563, 0.049252185970544815, 0.0004439353942871094], [-0.7914506196975708, -0.007837655022740364, 0.6113499402999878, -0.006130218505859375], [0.0, 0.0, 0.0, 1.0]], "T_rel_gt_ba": [[0.6350533074792688, -0.04851999863188573, 0.7709429981473355, 0.5362398652339503], [0.022691521221527226, 0.9987664486263669, 0.04416645744144942, -0.09647911609935367], [-0.7721349568076128, -0.010554185474787044, 0.6353709291781214, 0.42513588464460383], [0.0, 0.0, 0.0, 1.0]], "T_rel_pred_ba": [[0.610661259920426, -0.056205895267003196, 0.7894631959963938, 0.009924803801671588], [0.028131659435696878, 0.9983861285316088, 0.049316649123038556, 0.0004526977761898006], [-0.7914183496149336, -0.007905486689514282, 0.611390835406286, -0.006098945944741608], [0.0, 0.0, 0.0, 1.0]]}
{"pair_idx": 2466, "rel_a": "GreatCourt/seq5/frame00202.png", "rel_b": "GreatCourt/seq3/frame00200.png", "T_wc_gt_a": [[-0.034182210942029556, 0.9993992962943293, -0.00571165663480222, -63.415189894362065], [-0.0693743376860555, -0.00807392719404687, -0.9975580248638605, 6.291485380167262], [-0.9970049035615299, -0.03370249643668127, 0.06960864894680663, 76.73259027443287], [0.0, 0.0, 0.0, 1.0]], "T_wc_gt_b": [[-0.7953787626734283, 0.6052698598016403, -0.03195341458731943, 20.05524549820734], [-0.016714772551828294, -0.07460221300838388, -0.997073280252155, 6.952639295376264], [-0.6058821999915718, -0.7925168178846141, 0.0694539639143692, 97.75491649513847], [0.0, 0.0, 0.0, 1.0]], "T_wc_pred_a": [[1.0, -1.9550323486328125e-05, 8.988380432128906e-05, 4.6312808990478516e-05], [1.9550323486328125e-05, 1.0, -3.457069396972656e-05, 7.62939453125e-06], [-8.988380432128906e-05, 3.457069396972656e-05, 1.0, -5.263090133666992e-05], [0.0, 0.0, 0.0, 1.0]], "T_wc_pred_b": [[0.6277530193328857, 0.08323042094707489, 0.7738047242164612, 0.01345062255859375], [-0.06881928443908691, 0.9963094592094421, -0.05138546973466873, -0.00019741058349609375], [-0.7747817635536194, -0.02097553014755249, 0.6311726570129395, -0.004619598388671875], [0.0, 0.0, 0.0, 1.0]], "T_rel_gt_ba": [[0.6322765835308726, 0.08216735523261644, 0.7703731872622547, 0.5215002577995449], [-0.06829111108482776, 0.9964003612045707, -0.05022593292514105, 0.20707314481899708], [-0.7717270541229766, -0.02085295963354024, 0.6356119161950904, 0.1747461630358771], [0.0, 0.0, 0.0, 1.0]], "T_rel_pred_ba": [[0.6278209401329914, 0.08321594593463522, 0.7737511701149298, 0.013461634741523773], [-0.06884337768913146, 0.9963098883258442, -0.05134483870573138, -0.00020452581964840972], [-0.774724614359093, -0.021012498723367995, 0.6312415657919165, -0.004550335590375193], [0.0, 0.0, 0.0, 1.0]]}
{"pair_idx": 2467, "rel_a": "StMarysChurch/seq5/frame00043.png", "rel_b": "StMarysChurch/seq6/frame00017.png", "T_wc_gt_a": [[0.9611720257772318, 0.014447238946370412, -0.2755714320282834, -16.268318507258556], [0.031266919658788306, 0.9864956885725306, 0.1607751105204396, 1.7106616817421656], [0.2741727860279777, -0.16314880849897487, 0.947740338746337, 7.1037667977951475], [0.0, 0.0, 0.0, 1.0]], "T_wc_gt_b": [[0.8225005839902235, -0.002767190690324682, 0.5687575335689407, -4.436420872869659], [-0.058822407280501365, 0.9942119954871453, 0.089902349419775, 2.155015250885246], [-0.5657143393422762, -0.10740042218330371, 0.8175771740804534, 17.280019926347464], [0.0, 0.0, 0.0, 1.0]], "T_wc_pred_a": [[1.0, -1.6450881958007812e-05, 4.0650367736816406e-05, 3.522634506225586e-05], [1.6450881958007812e-05, 1.0, -1.3232231140136719e-05, 1.6987323760986328e-05], [-4.0650367736816406e-05, 1.3232231140136719e-05, 1.0, -2.5093555450439453e-05], [0.0, 0.0, 0.0, 1.0]], "T_wc_pred_b": [[0.6602591872215271, 0.0895724669098854, 0.7458677291870117, -0.03070068359375], [-0.060162436217069626, 0.9959766864776611, -0.0663861334323883, -0.009735107421875], [-0.7487965226173401, -0.0010372833348810673, 0.662943959236145, -0.08441162109375], [0.0, 0.0, 0.0, 1.0]], "T_rel_gt_ba": [[0.6337912462492586, 0.11442929331234453, 0.7649931980154131, 0.2442139002863355], [-0.06694935327705687, 0.9934007117565967, -0.09312792265089428, 0.028048360576764075], [-0.7706013497740549, 0.007807862289035455, 0.6372696423123261, 0.20326018896451714], [0.0, 0.0, 0.0, 1.0]], "T_rel_pred_ba": [[0.6602880324136698, 0.08957346007565445, 0.7458420734924096, -0.030706748911758525], [-0.060181518895691115, 0.9959765746685011, -0.06637050803926806, -0.009751571895480019], [-0.7487695550536876, -0.0010583738847207088, 0.6629743829892603, -0.08436859031564997], [0.0, 0.0, 0.0, 1.0]]}
{"pair_idx": 2469, "rel_a": "GreatCourt/seq5/frame00351.png", "rel_b": "GreatCourt/seq3/frame00336.png", "T_wc_gt_a": [[0.3524679568670188, -0.9357766218098482, 0.009404969757402126, -10.577058442155884], [0.12979419092856098, 0.038930306919987334, -0.9907764123172873, -3.164761931699951], [0.9267792657279237, 0.35043764820187867, 0.13518005525796517, -33.440210903382514], [0.0, 0.0, 0.0, 1.0]], "T_wc_gt_b": [[0.9475798346234663, -0.31196110757554785, -0.06908490700002252, -32.553526500569234], [-0.035848785777422676, 0.11105017018597507, -0.9931680241831945, 2.53127289932761], [0.3175016875124426, 0.9435826021403232, 0.09404547498337068, -13.453640878996564], [0.0, 0.0, 0.0, 1.0]], "T_wc_pred_a": [[1.0, 2.7418136596679688e-05, -4.565715789794922e-05, 2.0802021026611328e-05], [-2.7418136596679688e-05, 1.0, 5.9604644775390625e-06, -3.218650817871094e-05], [4.565715789794922e-05, -5.9604644775390625e-06, 1.0, 5.1140785217285156e-05], [0.0, 0.0, 0.0, 1.0]], "T_wc_pred_b": [[0.5905275344848633, 0.14634574949741364, 0.7938148379325867, -0.158447265625], [-0.09214362502098083, 0.9892211556434631, -0.11382447928190231, 0.010498046875], [-0.8016988039016724, -0.005882163066416979, 0.5976723432540894, 0.0163116455078125], [0.0, 0.0, 0.0, 1.0]], "T_rel_gt_ba": [[0.6252676982001972, 0.17929331261291312, 0.759535524935941, 0.02641527812147615], [-0.12589441661863368, 0.9836777048915798, -0.12856425927717427, 0.013570105848192071], [-0.7701888738820374, -0.01523420334388595, 0.6376339213034361, -0.32557342880989815], [0.0, 0.0, 0.0, 1.0]], "T_rel_pred_ba": [[0.5904953021779329, 0.14633429087719937, 0.7938409260494936, -0.15849543677913766], [-0.09211130500612814, 0.9892230026568292, -0.11383458105086687, 0.010537624200428931], [-0.8017262508301347, -0.0058566190397594045, 0.597635773620234, 0.016297570967286353], [0.0, 0.0, 0.0, 1.0]]}
{"pair_idx": 2470, "rel_a": "GreatCourt/seq1/frame00091.png", "rel_b": "GreatCourt/seq3/frame00236.png", "T_wc_gt_a": [[-0.7666415546396235, 0.6405362728722234, -0.04442983045996762, 15.761863698574576], [-0.06813266423249165, -0.1499623272594366, -0.9863413407474696, 12.459787447120851], [-0.6384502069576948, -0.7531431361553355, 0.1586087945158854, 75.87498174117427], [0.0, 0.0, 0.0, 1.0]], "T_wc_gt_b": [[-0.9806368746523555, -0.1887970669465479, -0.05202871884296942, 69.7630388523559], [0.06322391877305235, -0.0537639671889385, -0.996550135179904, -0.1349946231742084], [0.1853484722543958, -0.9805432694911975, 0.06465941917829177, 37.27272305775206], [0.0, 0.0, 0.0, 1.0]], "T_wc_pred_a": [[1.0, -0.0001493692398071289, 0.00020587444305419922, 0.00010591745376586914], [0.0001493692398071289, 1.0, -2.586841583251953e-05, -1.8596649169921875e-05], [-0.00020587444305419922, 2.586841583251953e-05, 1.0, 0.0002353191375732422], [0.0, 0.0, 0.0, 1.0]], "T_wc_pred_b": [[0.6318709850311279, 0.13538122177124023, 0.7632361054420471, -0.002117156982421875], [-0.026150401681661606, 0.9877985119819641, -0.15353015065193176, 0.00850677490234375], [-0.7750083804130554, 0.0770716443657875, 0.6277016401290894, 0.19287109375], [0.0, 0.0, 0.0, 1.0]], "T_rel_gt_ba": [[0.6331772356865167, 0.14644392675469659, 0.7600268182933063, 0.2913044053321556], [-0.03863130098570835, 0.9866935520685453, -0.15793497678002924, 0.16322822271989368], [-0.7730421791807566, 0.07064000724109393, 0.6304092151804613, 0.7448613524755885], [0.0, 0.0, 0.0, 1.0]], "T_rel_pred_ba": [[0.6320078568310417, 0.1354558838706195, 0.7631094952056471, -0.002361152888112844], [-0.026329549957781584, 0.9877985499376504, -0.15349917728684978, 0.00856405469833517], [-0.7748906118527351, 0.0769396577188368, 0.6278631606092924, 0.19280685079290777], [0.0, 0.0, 0.0, 1.0]]}
{"pair_idx": 2473, "rel_a": "GreatCourt/seq5/frame00350.png", "rel_b": "GreatCourt/seq3/frame00337.png", "T_wc_gt_a": [[0.5650248310781751, -0.8249739869826149, -0.012839823483517587, -18.612576097006038], [0.09495997161692699, 0.08048096577953179, -0.9922224639352337, -2.0048406833100785], [0.8195910834407558, 0.5594110608034151, 0.12381325048316061, -30.448333595468863], [0.0, 0.0, 0.0, 1.0]], "T_wc_gt_b": [[0.9956515715001809, -0.07515192887986523, -0.055046668880649116, -35.380519676357615], [-0.04721724589450339, 0.1022527755047995, -0.9936372082363376, 2.977556187247883], [0.08030242748110512, 0.991915599981773, 0.09825966951624199, -4.92754694341706], [0.0, 0.0, 0.0, 1.0]], "T_wc_pred_a": [[1.0, -1.5735626220703125e-05, 1.8477439880371094e-05, 1.5974044799804688e-05], [1.5735626220703125e-05, 1.0, 7.867813110351562e-06, -1.7285346984863281e-06], [-1.8477439880371094e-05, -7.867813110351562e-06, 1.0, -1.704692840576172e-05], [0.0, 0.0, 0.0, 1.0]], "T_wc_pred_b": [[0.6620581746101379, 0.13388071954250336, 0.7375054955482483, -0.005218505859375], [-0.09500028938055038, 0.9909676313400269, -0.09457236528396606, 0.0002034902572631836], [-0.743374228477478, -0.007458195555955172, 0.6686605215072632, -0.0118865966796875], [0.0, 0.0, 0.0, 1.0]], "T_rel_gt_ba": [[0.625273036908849, 0.14311728658174433, 0.7671708229568328, -0.09657719476153659], [-0.09827666991334141, 0.9896548128102785, -0.10452295265728533, -0.05007530981128383], [-0.7741933385566744, -0.010039609700174442, 0.6328695606296283, -0.08758368460105626], [0.0, 0.0, 0.0, 1.0]], "T_rel_pred_ba": [[0.6620696946258857, 0.13389694007461858, 0.7374922087191687, -0.005216278367948764], [-0.09501763040837437, 0.9909653920528851, -0.09457840633191612, 0.00020510871989178956], [-0.7433617556273548, -0.007464631814141186, 0.6686743156597402, -0.011863336245389926], [0.0, 0.0, 0.0, 1.0]]}
{"pair_idx": 2474, "rel_a": "GreatCourt/seq5/frame00583.png", "rel_b": "GreatCourt/seq3/frame00145.png", "T_wc_gt_a": [[-0.40510993180636823, -0.9140717219886975, -0.018942814269716057, 86.78473722760702], [0.03959664711624988, 0.0031582518609284405, -0.9992107540365718, -1.0233993529137568], [0.9134101207502525, -0.405540272359972, 0.03491473621852126, -10.242680286013915], [0.0, 0.0, 0.0, 1.0]], "T_wc_gt_b": [[-0.96802192157712, -0.2400548056567991, 0.07285087252199825, 60.5893306754164], [-0.07038502970980258, -0.018841442873566372, -0.9973419411732328, 5.331777496909227], [0.24078934141462793, -0.9705764731908139, 0.0013426651076207108, 61.84990804625963], [0.0, 0.0, 0.0, 1.0]], "T_wc_pred_a": [[1.0, -0.00019919872283935547, 5.900859832763672e-05, 7.551908493041992e-05], [0.00019919872283935547, 1.0, -3.528594970703125e-05, -1.8358230590820312e-05], [-5.900859832763672e-05, 3.528594970703125e-05, 1.0, 4.32133674621582e-05], [0.0, 0.0, 0.0, 1.0]], "T_wc_pred_b": [[-0.206138014793396, -0.007558232173323631, 0.9782140851020813, -0.032501220703125], [0.0033454156946390867, 0.9999588131904602, 0.008437096141278744, -0.01084136962890625], [-0.9782140851020813, 0.005013347137719393, -0.206138014793396, 1.27734375], [0.0, 0.0, 0.0, 1.0]], "T_rel_gt_ba": [[0.6102026036679781, -0.11188195123110174, -0.7843055600118755, -0.5148329537480905], [0.0646285678731624, 0.9937082758663001, -0.09147136540737129, -0.1969473280459786], [0.7896049206353039, 0.00512752021411667, 0.6135941474989551, -0.38565132563046234], [0.0, 0.0, 0.0, 1.0]], "T_rel_pred_ba": [[-0.20607877040639855, -0.007633800433789627, 0.9782259761555699, -0.03252807040459761], [0.003146725043197142, 0.9999591410646245, 0.008472194965405315, -0.010823615898283227], [-0.9782272068858299, 0.004825757260235511, -0.20608012069564371, 1.2774266188318648], [0.0, 0.0, 0.0, 1.0]]}
{"pair_idx": 2475, "rel_a": "GreatCourt/seq4/frame00045.png", "rel_b": "GreatCourt/seq3/frame00482.png", "T_wc_gt_a": [[-0.23958222549649077, 0.9703018756558052, -0.033386034879497706, -26.439483279317304], [-0.020144248736242543, -0.03934817041732286, -0.9990224875985834, 4.240232803743273], [-0.970667072929231, -0.23867549430897966, 0.028973124570250475, 88.64440583224687], [0.0, 0.0, 0.0, 1.0]], "T_wc_gt_b": [[-0.9171053700803644, 0.3918080321185505, -0.07351330585103139, 54.45391029082363], [0.030676485673699794, -0.1144985276239554, -0.9929496665987949, 3.651348699440128], [-0.39746282014355716, -0.9128946013310275, 0.09298792106609899, 74.1569588467006], [0.0, 0.0, 0.0, 1.0]], "T_wc_pred_a": [[1.0, 2.944469451904297e-05, 0.0001533031463623047, 7.331371307373047e-06], [-2.944469451904297e-05, 1.0, 2.0503997802734375e-05, -1.7881393432617188e-05], [-0.0001533031463623047, -2.0503997802734375e-05, 1.0, 9.924173355102539e-05], [0.0, 0.0, 0.0, 1.0]], "T_wc_pred_b": [[0.6440087556838989, 0.0566849447786808, 0.763292133808136, -0.0007619857788085938], [-0.06584738194942474, 0.9976559281349182, -0.018538665026426315, 0.000728607177734375], [-0.7623147964477539, -0.038329530507326126, 0.6462077498435974, -0.031463623046875], [0.0, 0.0, 0.0, 1.0]], "T_rel_gt_ba": [[0.6023485318335258, 0.0764989151564587, 0.7945590992354699, -0.37789823327322836], [-0.08529702461881526, 0.9958663988054273, -0.031217516260703463, -0.059307748616443945], [-0.7936628149215342, -0.04896970196146741, 0.6063837930722025, -0.3719639843761655], [0.0, 0.0, 0.0, 1.0]], "T_rel_pred_ba": [[0.6441274244264432, 0.05668162713513856, 0.7631922248473549, -0.0008414350890776371], [-0.0658208498542483, 0.9976574858804556, -0.018549030449945794, 0.0007487700787779909], [-0.7622168402828936, -0.038293835011027504, 0.6463253852601321, -0.03152286215100328], [0.0, 0.0, 0.0, 1.0]]}
{"pair_idx": 2476, "rel_a": "GreatCourt/seq2/frame00106.png", "rel_b": "GreatCourt/seq5/frame00265.png", "T_wc_gt_a": [[0.4714564347594794, 0.8801606215643498, -0.05519157880816661, -55.93575073541638], [-0.1199485305729982, 0.001996812397835779, -0.9927781034821559, 9.92340590877917], [-0.8736939854075105, 0.4746717739530182, 0.1065153832788277, 54.17533623465563], [0.0, 0.0, 0.0, 1.0]], "T_wc_gt_b": [[-0.40951140287942867, 0.9123012137287962, -0.002627991759434567, 9.446928410952676], [-0.018072840275210278, -0.010992463623717308, -0.9997762440605737, 2.648897500664328], [-0.9121259690174977, -0.4093722769954588, 0.02098941331825044, 78.60516247478853], [0.0, 0.0, 0.0, 1.0]], "T_wc_pred_a": [[1.0, -2.4437904357910156e-05, 0.00010001659393310547, 2.950429916381836e-05], [2.4437904357910156e-05, 1.0, -7.331371307373047e-05, -9.298324584960938e-06], [-0.00010001659393310547, 7.331371307373047e-05, 1.0, -1.71661376953125e-05], [0.0, 0.0, 0.0, 1.0]], "T_wc_pred_b": [[0.5269570350646973, 0.060381315648555756, 0.847474217414856, 0.00014150142669677734], [0.0439663864672184, 0.9941990971565247, -0.0981234535574913, -0.0002541542053222656], [-0.8484505414962769, 0.08897014707326889, 0.5210989713668823, -0.005588531494140625], [0.0, 0.0, 0.0, 1.0]], "T_rel_gt_ba": [[0.6100498603488579, 0.05355099807730703, 0.7905513636021783, 0.21073111094707997], [0.03698353890689929, 0.9947018242316149, -0.09591923018988088, 0.0432261011269226], [-0.7914994540353525, 0.08775290009579034, 0.6048372035403555, 0.6939797902982292], [0.0, 0.0, 0.0, 1.0]], "T_rel_pred_ba": [[0.5270403173303123, 0.060332067468101075, 0.8474259278053347, 0.00014105948881235454], [0.04393228299988837, 0.9942073595425465, -0.09805495848170737, -0.00024788915872806547], [-0.8484005866167762, 0.08891120354154541, 0.5211903439143121, -0.0055537264789834555], [0.0, 0.0, 0.0, 1.0]]}
{"pair_idx": 2477, "rel_a": "GreatCourt/seq5/frame00315.png", "rel_b": "GreatCourt/seq1/frame00243.png", "T_wc_gt_a": [[0.7175580817001164, -0.6964337095765403, -0.009512494536572935, -44.367128411292335], [0.07245649278174487, 0.0882238213634634, -0.9934619338443708, -3.5783553325985893], [0.6927196085290339, 0.7121773974997291, 0.11376686006871684, -43.272556457548326], [0.0, 0.0, 0.0, 1.0]], "T_wc_gt_b": [[0.9871761478709395, 0.1340001152427446, -0.08675956540707266, -61.0133618070819], [-0.0955713803945846, 0.060779774536560915, -0.9935652622031219, 7.359577406090272], [-0.12786463281207422, 0.989115659628446, 0.07280691968224895, 8.117424873331572], [0.0, 0.0, 0.0, 1.0]], "T_wc_pred_a": [[1.0, -1.1086463928222656e-05, 8.165836334228516e-05, -2.09808349609375e-05], [1.1086463928222656e-05, 1.0, -1.6689300537109375e-05, 4.172325134277344e-07], [-8.165836334228516e-05, 1.6689300537109375e-05, 1.0, 3.0994415283203125e-05], [0.0, 0.0, 0.0, 1.0]], "T_wc_pred_b": [[0.7040581107139587, 0.15628665685653687, 0.6926507353782654, 0.024383544921875], [-0.11171194165945053, 0.9877021908760071, -0.1093272864818573, -0.013153076171875], [-0.7014555931091309, -0.0003974426072090864, 0.7128629684448242, -0.10406494140625], [0.0, 0.0, 0.0, 1.0]], "T_rel_gt_ba": [[0.6158593255161235, 0.16954164929118823, 0.7693977647033095, 0.21103644765796759], [-0.10145581610065738, 0.9855067237264261, -0.13595298771764838, 0.501734088653853], [-0.7812963640989089, 0.0056680371936969655, 0.6241344925576504, 0.4817260775011043], [0.0, 0.0, 0.0, 1.0]], "T_rel_pred_ba": [[0.7041129343324977, 0.15628290403894474, 0.6925958469207939, 0.02437678598953235], [-0.11173181718683524, 0.9877027763338092, -0.10930167857605698, -0.013152444758786234], [-0.7013973725850792, -0.0004171167639646177, 0.7129202364449351, -0.10410175368060375], [0.0, 0.0, 0.0, 1.0]]}
{"pair_idx": 2478, "rel_a": "GreatCourt/seq1/frame00404.png", "rel_b": "GreatCourt/seq5/frame00201.png", "T_wc_gt_a": [[-0.8255687498360018, 0.5642074866631355, -0.010302974691296152, 24.411371388358354], [-0.0793533167732606, -0.13415043049634323, -0.9877786761794002, 15.621022785496354], [-0.5586942727568489, -0.8146616315937026, 0.1555221386098523, 95.78625964365561], [0.0, 0.0, 0.0, 1.0]], "T_wc_gt_b": [[-0.058286084985784914, 0.998280048561836, -0.006298963439189231, -62.30130312554375], [-0.04722977940941708, -0.009060097162284508, -0.9988429619196142, 4.793318267646203], [-0.9971820697515412, -0.05792114711215862, 0.047676624075578045, 78.26987874313399], [0.0, 0.0, 0.0, 1.0]], "T_wc_pred_a": [[1.0, -9.417533874511719e-06, 9.179115295410156e-06, -8.404254913330078e-06], [9.417533874511719e-06, 1.0, -3.218650817871094e-05, 2.9921531677246094e-05], [-9.179115295410156e-06, 3.218650817871094e-05, 1.0, 3.045797348022461e-05], [0.0, 0.0, 0.0, 1.0]], "T_wc_pred_b": [[0.5709666013717651, -0.12778158485889435, -0.8111564517021179, -0.0106048583984375], [0.04074106737971306, 0.9909981489181519, -0.12753725051879883, 0.0003504753112792969], [0.819952130317688, 0.03979431092739105, 0.5712109804153442, 0.00263214111328125], [0.0, 0.0, 0.0, 1.0]], "T_rel_gt_ba": [[0.6114211455604709, -0.12307252233786557, -0.7816759795509372, -0.4305947743327252], [0.04417070905044342, 0.9915990342173334, -0.121574272776903, -0.12959556485939405], [0.7900715987956424, 0.03980589886747036, 0.6117208180141082, -0.23311043539517584], [0.0, 0.0, 0.0, 1.0]], "T_rel_pred_ba": [[0.5709603586782094, -0.1277500992255765, -0.8111658044426929, -0.010571530956837232], [0.04073056418904111, 0.9910026364637601, -0.1275057274748799, 0.0003250488706103272], [0.8199569988079517, 0.03978364781434644, 0.5712047344322206, 0.0026204441145857723], [0.0, 0.0, 0.0, 1.0]]}
{"pair_idx": 2479, "rel_a": "GreatCourt/seq4/frame00128.png", "rel_b": "GreatCourt/seq2/frame00233.png", "T_wc_gt_a": [[-0.3611076657766703, -0.9324666471083423, -0.010354020854272894, 35.109146621329], [0.05080917981389499, -0.00858724461243554, -0.9986714607300068, -0.11287648589022314], [0.931138916039902, -0.3611539993693721, 0.0504787854008375, -19.332788635934563], [0.0, 0.0, 0.0, 1.0]], "T_wc_gt_b": [[0.5146003633500071, -0.8516750624621776, -0.09917688248824175, 6.999106425718044], [0.04043991027741073, 0.13964662475567358, -0.9893752745298938, -3.796118311795702], [0.8564759656270545, 0.5051221715331786, 0.10630386695135041, -39.68345801856182], [0.0, 0.0, 0.0, 1.0]], "T_wc_pred_a": [[1.0, 4.7087669372558594e-05, -4.506111145019531e-05, 6.186962127685547e-05], [-4.7087669372558594e-05, 1.0, -2.110004425048828e-05, 1.4960765838623047e-05], [4.506111145019531e-05, 2.110004425048828e-05, 1.0, -9.47713851928711e-06], [0.0, 0.0, 0.0, 1.0]], "T_wc_pred_b": [[0.5671776533126831, 0.12779609858989716, 0.8138914704322815, 0.0012950897216796875], [-0.12492770701646805, 0.9898080229759216, -0.06835321336984634, 0.0026264190673828125], [-0.8138914704322815, -0.06286054849624634, 0.5774306654930115, 0.033843994140625], [0.0, 0.0, 0.0, 1.0]], "T_rel_gt_ba": [[0.6093593334122923, 0.132505086590601, 0.7817439509269926, 0.7332675230994417], [-0.13457496934522895, 0.9889163895717853, -0.06272122497237546, -0.17225675997692846], [-0.7813902868663376, -0.06698340439184912, 0.620437299915971, -0.26228953866454674], [0.0, 0.0, 0.0, 1.0]], "T_rel_pred_ba": [[0.5671469927396259, 0.12775221921766086, 0.8139197222836085, 0.001265802910945161], [-0.12487801953453398, 0.9898153451246995, -0.06833795536462033, 0.002618689179286216], [-0.8139204471131728, -0.06283440589008737, 0.5773926635242878, 0.03390076317152275], [0.0, 0.0, 0.0, 1.0]]}
{"pair_idx": 2480, "rel_a": "GreatCourt/seq1/frame00109.png", "rel_b": "GreatCourt/seq3/frame00255.png", "T_wc_gt_a": [[-0.9531531136321572, -0.29809962459101136, -0.05133961230883899, 61.182101285311525], [0.07760522943521121, -0.07694593907885228, -0.9940104379852265, 0.9960379479775772], [0.29236376372189493, -0.9514283663408253, 0.09647535117529427, 32.00184751374866], [0.0, 0.0, 0.0, 1.0]], "T_wc_gt_b": [[-0.8195844340473517, 0.5642451741213146, -0.09954264889025738, 11.994373396255153], [0.020577930033314595, -0.14463450183968485, -0.989271150733271, 7.075244125430057], [-0.5725887741327329, -0.812839617857295, 0.10692918861929512, 67.20139458748712], [0.0, 0.0, 0.0, 1.0]], "T_wc_pred_a": [[1.0, -9.834766387939453e-05, 0.000331878662109375, 5.543231964111328e-05], [9.834766387939453e-05, 1.0, 0.00014507770538330078, 1.0371208190917969e-05], [-0.000331878662109375, -0.00014507770538330078, 1.0, -1.7344951629638672e-05], [0.0, 0.0, 0.0, 1.0]], "T_wc_pred_b": [[-0.44202351570129395, 0.20758689939975739, 0.8726711273193359, -0.5869140625], [0.04251248389482498, 0.9766023755073547, -0.210861936211586, 0.09161376953125], [-0.895848274230957, -0.0562424436211586, -0.4410158395767212, 0.371826171875], [0.0, 0.0, 0.0, 1.0]], "T_rel_gt_ba": [[0.6180986616160499, -0.008073980817633266, -0.7860590660645064, -0.658817162771884], [0.07429036996492472, 0.9960718423753212, 0.04818532720141649, -0.004141661704808897], [0.7825822547431821, -0.08817990508494239, 0.6162704916676507, -0.31259595615512126], [0.0, 0.0, 0.0, 1.0]], "T_rel_pred_ba": [[-0.4417542799845227, 0.2076700759217447, 0.8727876078406669, -0.5868765903663006], [0.04234640767205367, 0.9765759262183402, -0.2110176694752177, 0.09159763380812917], [-0.8959889903078959, -0.05639449928404259, -0.44071029836480075, 0.37186877940339075], [0.0, 0.0, 0.0, 1.0]]}
{"pair_idx": 2481, "rel_a": "GreatCourt/seq5/frame00255.png", "rel_b": "GreatCourt/seq3/frame00507.png", "T_wc_gt_a": [[-0.09513352609356285, 0.9954567250271845, 0.003939646070078795, -22.788006309955776], [-0.032304866155434486, 0.0008682572357729956, -0.999477684469269, 3.4301666334535423], [-0.9949402031457392, -0.09521110611438471, 0.032075495893135075, 78.07893888829491], [0.0, 0.0, 0.0, 1.0]], "T_wc_gt_b": [[-0.8463796741302752, 0.5317539900354848, -0.02965031703827517, 48.529600348931424], [-0.06576572770305442, -0.15960012142976843, -0.9849886650613248, 10.471427718522946], [-0.5285038469858252, -0.8317244106799705, 0.17005348688056632, 64.43219628619585], [0.0, 0.0, 0.0, 1.0]], "T_wc_pred_a": [[1.0, 2.4318695068359375e-05, 0.00010895729064941406, 2.0802021026611328e-05], [-2.4318695068359375e-05, 1.0, -1.2516975402832031e-05, -7.212162017822266e-06], [-0.00010895729064941406, 1.2516975402832031e-05, 1.0, 5.3882598876953125e-05], [0.0, 0.0, 0.0, 1.0]], "T_wc_pred_b": [[0.578502893447876, 0.04166102036833763, 0.8146500587463379, 0.06475830078125], [-0.13121388852596283, 0.9904399514198303, 0.042485687881708145, 0.01432037353515625], [-0.8048762679100037, -0.13145823776721954, 0.5782585144042969, 0.102294921875], [0.0, 0.0, 0.0, 1.0]], "T_rel_gt_ba": [[0.6097403564997993, 0.05743871155615331, 0.7905172307231931, 0.5045965406547168], [-0.15649899534329864, 0.98646016925477, 0.049034670697263624, -0.30717018944984176], [-0.776997272911582, -0.15361357000154627, 0.6104736759266073, -0.4122391650530659], [0.0, 0.0, 0.0, 1.0]], "T_rel_pred_ba": [[0.5785926612505297, 0.04163675357766299, 0.8145875380237988, 0.06470267308199602], [-0.13118517022054457, 0.9904426095455825, 0.042512378808210356, 0.014327955006940327], [-0.8048164496465918, -0.13144590480602295, 0.5783445597189631, 0.10227955296662207], [0.0, 0.0, 0.0, 1.0]]}
{"pair_idx": 2482, "rel_a": "GreatCourt/seq5/frame00300.png", "rel_b": "GreatCourt/seq3/frame00540.png", "T_wc_gt_a": [[0.5811295566766895, 0.8132295842756142, -0.030758439746938537, -45.32643556062365], [-0.015656306087453276, -0.026616627542248583, -0.9995231038940389, 2.6029595937454135], [-0.8136604441881456, 0.581333981801502, -0.0027355376730642256, 56.15319657129889], [0.0, 0.0, 0.0, 1.0]], "T_wc_gt_b": [[0.9980644886851903, 0.04806588970534473, -0.03945816357109553, -71.70633808174419], [-0.04361564661470159, 0.08876389999468337, -0.9950973045024871, 3.8534330061724926], [-0.04432777679910379, 0.9948922757286678, 0.09068852132150662, -1.3194351153479422], [0.0, 0.0, 0.0, 1.0]], "T_wc_pred_a": [[1.0, 1.4424324035644531e-05, 7.212162017822266e-05, 3.814697265625e-05], [-1.4424324035644531e-05, 1.0, 3.170967102050781e-05, 2.3245811462402344e-05], [-7.212162017822266e-05, -3.170967102050781e-05, 1.0, 0.00011444091796875], [0.0, 0.0, 0.0, 1.0]], "T_wc_pred_b": [[0.7580758333206177, 0.0007520959479734302, -0.6523178815841675, -0.126220703125], [0.06969422101974487, 0.9941830039024353, 0.08210381120443344, 0.007740020751953125], [0.6483067274093628, -0.10767506808042526, 0.7535632252693176, 0.0174713134765625], [0.0, 0.0, 0.0, 1.0]], "T_rel_gt_ba": [[0.6203070488940127, 0.02253399111289346, -0.7840353208478077, 0.3774038198065739], [0.07744672859287073, 0.9929430107211631, 0.08981192398704194, -0.2639999987716708], [0.7805262130913112, -0.11643194022481987, 0.6141843648065465, -0.12631174646078525], [0.0, 0.0, 0.0, 1.0]], "T_rel_pred_ba": [[0.7580287935459411, 0.0007204753753005967, -0.6523725746949368, -0.12617497826038906], [0.06971448028418753, 0.994184600643935, 0.08206725801654538, 0.007704858875451995], [0.6483595195535121, -0.1076605263607751, 0.7535198784101822, 0.017362849673403437], [0.0, 0.0, 0.0, 1.0]]}
{"pair_idx": 2483, "rel_a": "GreatCourt/seq1/frame00405.png", "rel_b": "GreatCourt/seq5/frame00201.png", "T_wc_gt_a": [[-0.8275661417034565, 0.5613419584316004, -0.005430175893125833, 24.507714869454652], [-0.08140336175231405, -0.12956966958924765, -0.9882232507980955, 15.604487570318232], [-0.5554347610669292, -0.8173780682320202, 0.15292259405272512, 96.61695662292986], [0.0, 0.0, 0.0, 1.0]], "T_wc_gt_b": [[-0.058286084985784914, 0.998280048561836, -0.006298963439189231, -62.30130312554375], [-0.04722977940941708, -0.009060097162284508, -0.9988429619196142, 4.793318267646203], [-0.9971820697515412, -0.05792114711215862, 0.047676624075578045, 78.26987874313399], [0.0, 0.0, 0.0, 1.0]], "T_wc_pred_a": [[1.0, -4.887580871582031e-05, 6.699562072753906e-05, 1.4781951904296875e-05], [4.887580871582031e-05, 1.0, 1.2874603271484375e-05, 4.172325134277344e-05], [-6.699562072753906e-05, -1.2874603271484375e-05, 1.0, 1.3053417205810547e-05], [0.0, 0.0, 0.0, 1.0]], "T_wc_pred_b": [[0.5394171476364136, -0.12779036164283752, -0.8322255611419678, 0.0020751953125], [0.03359689190983772, 0.9908906817436218, -0.13035593926906586, -0.0012502670288085938], [0.8410218358039856, 0.042362626641988754, 0.5386841297149658, -0.00408935546875], [0.0, 0.0, 0.0, 1.0]], "T_rel_gt_ba": [[0.6086462724689989, -0.11837735066193698, -0.7845613537893985, 0.43131575653846], [0.03942384660753368, 0.9920984154795095, -0.11910707083003902, -0.1462948210806525], [0.7924616554308848, 0.041563648219412046, 0.6085038930183059, -0.591919221792665], [0.0, 0.0, 0.0, 1.0]], "T_rel_pred_ba": [[0.5393676349501767, -0.12777471463146417, -0.8322600513627125, 0.002083417420269419], [0.03353972704604228, 0.9908906425507282, -0.1303709436078066, -0.00129040420445459], [0.8410558486143217, 0.04241066853874785, 0.5386272366357895, -0.004110588352874322], [0.0, 0.0, 0.0, 1.0]]}
{"pair_idx": 2484, "rel_a": "GreatCourt/seq4/frame00130.png", "rel_b": "GreatCourt/seq1/frame00168.png", "T_wc_gt_a": [[-0.3639695851393232, -0.9311545242653559, -0.021849325702813893, 33.92853070226387], [0.05087109100899889, 0.003549752473919643, -0.998698919272935, -0.3472436441125515], [0.9300205767578817, -0.3646075303631737, 0.04607684461206407, -19.523522969981855], [0.0, 0.0, 0.0, 1.0]], "T_wc_gt_b": [[0.5336353028450014, -0.8414412274118082, -0.08491186235876291, 4.924478894614538], [0.013560268083312232, 0.10890270477435315, -0.9939599187202364, -1.8940041627070248], [0.8456059854843936, 0.5292606746250283, 0.069524496462957, -39.242564683450524], [0.0, 0.0, 0.0, 1.0]], "T_wc_pred_a": [[1.0, 4.5180320739746094e-05, -1.2993812561035156e-05, 3.069639205932617e-05], [-4.5180320739746094e-05, 1.0, 1.7523765563964844e-05, 9.775161743164062e-06], [1.2993812561035156e-05, -1.7523765563964844e-05, 1.0, -1.6629695892333984e-05], [0.0, 0.0, 0.0, 1.0]], "T_wc_pred_b": [[0.5393393039703369, 0.10698270052671432, 0.8353443741798401, -0.00945281982421875], [-0.07425282895565033, 0.994080662727356, -0.07926001399755478, 0.00609588623046875], [-0.8392524123191833, -0.0192654337733984, 0.5442243814468384, 0.053741455078125], [0.0, 0.0, 0.0, 1.0]], "T_rel_gt_ba": [[0.5911400529524161, 0.10896108714912829, 0.7991751493150264, 0.508515888339323], [-0.0846234174043737, 0.9937430999039761, -0.07289395461930542, -0.10093176923270586], [-0.8021173947884562, -0.02453839604612076, 0.5966620082569896, -0.38747640609337], [0.0, 0.0, 0.0, 1.0]], "T_rel_pred_ba": [[0.539333282668586, 0.106972971744953, 0.8353495076061445, -0.009456529479939841], [-0.07420688585511087, 0.9940826261621939, -0.07927839829881239, 0.006087128420019115], [-0.8392603520059203, -0.01921797904623447, 0.544213813026494, 0.05377645531199461], [0.0, 0.0, 0.0, 1.0]]}
{"pair_idx": 2486, "rel_a": "GreatCourt/seq5/frame00318.png", "rel_b": "GreatCourt/seq1/frame00240.png", "T_wc_gt_a": [[0.6811580551256282, -0.7304933847628777, -0.049021615182956835, -40.8774963820228], [0.051831130612141396, 0.11490287800381827, -0.9920236199435509, -1.3343176006807183], [0.7302994165662045, 0.6731840338600686, 0.11612931894636813, -43.75870382922654], [0.0, 0.0, 0.0, 1.0]], "T_wc_gt_b": [[0.9946945191017931, 0.10104851643243815, -0.019287586568978964, -59.23594023559659], [-0.0211346256577798, 0.017240085079327172, -0.9996279843345539, 2.6601739127999418], [-0.10067840516793108, 0.9947321130803313, 0.01928424070532897, 6.1693878934916135], [0.0, 0.0, 0.0, 1.0]], "T_wc_pred_a": [[1.0, -4.076957702636719e-05, 4.017353057861328e-05, 2.1576881408691406e-05], [4.076957702636719e-05, 1.0, 3.635883331298828e-05, 3.4570693969726562e-06], [-4.017353057861328e-05, -3.635883331298828e-05, 1.0, 7.331371307373047e-06], [0.0, 0.0, 0.0, 1.0]], "T_wc_pred_b": [[0.6115996837615967, 0.08176206052303314, 0.7870667576789856, -0.048919677734375], [0.016651839017868042, 0.9930871725082397, -0.11622678488492966, -0.00652313232421875], [-0.7909776568412781, 0.08420636504888535, 0.6059777736663818, -0.0146331787109375], [0.0, 0.0, 0.0, 1.0]], "T_rel_gt_ba": [[0.604674419928093, 0.08230064834298259, 0.7922092205768304, 0.257500034951164], [0.02201358976210411, 0.9925400754661777, -0.11991497178993202, -0.3629256945145154], [-0.7961684795006708, 0.08994888479530531, 0.598351861678119, -0.07286396579453491], [0.0, 0.0, 0.0, 1.0]], "T_rel_pred_ba": [[0.6116279663175326, 0.08181561216402652, 0.787039211703973, -0.048938927677413945], [0.016606680700974527, 0.9930836223482112, -0.11626355939581542, -0.0065260714322748345], [-0.7909567440625996, 0.08419615176586455, 0.6060064879174781, -0.014620846261588669], [0.0, 0.0, 0.0, 1.0]]}
{"pair_idx": 2488, "rel_a": "StMarysChurch/seq5/frame00045.png", "rel_b": "StMarysChurch/seq6/frame00015.png", "T_wc_gt_a": [[0.986217773346622, 0.03974940835767281, -0.160606625238332, -16.45947697134334], [-0.007632125412454088, 0.9806080868512014, 0.19583036195573753, 2.967907242675435], [0.16527629653679812, -0.1919056136157605, 0.9673964964097393, 9.454587270891254], [0.0, 0.0, 0.0, 1.0]], "T_wc_gt_b": [[0.7277550637003174, -0.056039481697854755, 0.6835438126042708, -2.7732831536619194], [-0.01049812393746579, 0.9956291863768446, 0.09280254645415702, 1.593096594564345], [-0.6857567765996486, -0.07471345076770423, 0.7239858725293205, 18.579369611963653], [0.0, 0.0, 0.0, 1.0]], "T_wc_pred_a": [[1.0, -2.8848648071289062e-05, -2.6106834411621094e-05, 1.4483928680419922e-05], [2.8848648071289062e-05, 1.0, -4.0650367736816406e-05, 1.2099742889404297e-05], [2.6106834411621094e-05, 4.0650367736816406e-05, 1.0, -3.9637088775634766e-05], [0.0, 0.0, 0.0, 1.0]], "T_wc_pred_b": [[0.6143460273742676, 0.06634905934333801, 0.7859436869621277, -0.037506103515625], [0.01709037274122238, 0.9951061606407166, -0.09732822328805923, -0.01461029052734375], [-0.7888708710670471, 0.07317911088466644, 0.6101992130279541, -0.07476806640625], [0.0, 0.0, 0.0, 1.0]], "T_rel_gt_ba": [[0.605715777277181, 0.07335154538332352, 0.7922928422921529, -0.5120206707470709], [0.014317530888660642, 0.9945757109272337, -0.10302506269272384, -0.14899334501985528], [-0.795552264447002, 0.07374758317033614, 0.6013799867885375, -0.41968011848253184], [0.0, 0.0, 0.0, 1.0]], "T_rel_pred_ba": [[0.6143235947132489, 0.06633483208706079, 0.7859624215418081, -0.03748465070689343], [0.01706420500962428, 0.9951106076855469, -0.09728732618354345, -0.014626434452956293], [-0.788888910723093, 0.0731315484000752, 0.6101815904601283, -0.07473333924659273], [0.0, 0.0, 0.0, 1.0]]}
{"pair_idx": 2489, "rel_a": "GreatCourt/seq3/frame00190.png", "rel_b": "GreatCourt/seq5/frame00191.png", "T_wc_gt_a": [[-0.7537918473137633, 0.6559712552324772, -0.03872419440133279, 8.524813226959845], [0.04069444480769052, -0.01221712613719661, -0.9990969442405184, -1.406299845492001], [-0.6558519749799475, -0.7546869908363838, -0.017485215961666745, 103.83877200382281], [0.0, 0.0, 0.0, 1.0]], "T_wc_gt_b": [[-0.9745733141121358, -0.22193281469847675, -0.03086553386060195, 88.21001620623622], [0.038591121780730375, -0.03055771912745664, -0.9987877407745013, 0.07166704989974866], [0.22072059428198634, -0.9745830141972202, 0.038345373880922295, 54.67745390685285], [0.0, 0.0, 0.0, 1.0]], "T_wc_pred_a": [[1.0, -0.00021219253540039062, 0.00014352798461914062, -3.069639205932617e-05], [0.00021219253540039062, 1.0, -4.3272972106933594e-05, -5.0902366638183594e-05], [-0.00014352798461914062, 4.3272972106933594e-05, 1.0, 0.00016069412231445312], [0.0, 0.0, 0.0, 1.0]], "T_wc_pred_b": [[0.7449262142181396, 0.022398900240659714, -0.6665863394737244, -0.035369873046875], [0.016249580308794975, 0.9985289573669434, 0.05171578750014305, -0.0008053779602050781], [0.6665863394737244, -0.04937904328107834, 0.7434503436088562, -0.1837158203125], [0.0, 0.0, 0.0, 1.0]], "T_rel_gt_ba": [[0.5902391146857658, -0.006110678188550258, 0.8072053314411642, -0.6494658232877413], [-0.010457407710666592, 0.9998295515371134, 0.015215469005847426, -0.013080975713092718], [-0.8071607213677685, -0.017422040212643958, 0.5900746074827254, 0.2612250565480849], [0.0, 0.0, 0.0, 1.0]], "T_rel_pred_ba": [[0.7448257326835034, 0.022585796457116242, -0.6666922654554889, -0.03523872638522539], [0.016045128204430246, 0.9985301223574045, 0.05175669394136163, -0.0007623748827783707], [0.666703486034148, -0.04926974085092129, 0.7433525209530457, -0.18381731524824313], [0.0, 0.0, 0.0, 1.0]]}
