{"pair_idx": 0, "rel_a": "Street/img_east/image_east_0266.png", "rel_b": "Street/img/image2_001121.png", "T_wc_gt_a": [[0.6221529606768799, 0.019603260631387183, -0.7826502448051816, 0.0], [0.03706001090036984, 0.9978283530098332, 0.054453039600633565, 0.0], [0.7820180618841596, -0.06288314640904671, 0.6200753670197205, 0.0], [0.0, 0.0, 0.0, 1.0]], "T_wc_gt_b": [[-0.3749636266490024, -0.15893139202535378, -0.9133143441987053, 0.0], [0.004306822412721206, 0.9848853325538267, -0.17315407301315056, 0.0], [0.9270295194711617, -0.06885996187351179, -0.36861168684653167, 0.0], [0.0, 0.0, 0.0, 1.0]], "T_wc_pred_a": [[1.0, -9.119510650634766e-05, 5.555152893066406e-05, -0.00011521577835083008], [9.119510650634766e-05, 1.0, -0.00010383129119873047, 1.6868114471435547e-05], [-5.555152893066406e-05, 0.00010383129119873047, 1.0, -0.00013256072998046875], [0.0, 0.0, 0.0, 1.0]], "T_wc_pred_b": [[0.512030839920044, -0.15874284505844116, -0.8443456292152405, 0.0008997917175292969], [0.10866180807352066, 0.9868529438972473, -0.11960747838020325, -0.001514434814453125], [0.8521727323532104, -0.030543934553861618, 0.5225484371185303, -0.020538330078125], [0.0, 0.0, 0.0, 1.0]], "T_rel_gt_ba": [[0.4784053911050013, -0.22221514738955192, -0.8495579497787721, 0.0], [0.1575055438140237, 0.9734773545764921, -0.16593325102161827, 0.0], [0.8638983073426635, -0.05442672502911083, 0.5007169321813335, 0.0], [0.0, 0.0, 0.0, 1.0]], "T_rel_pred_ba": [[0.5119983970516795, -0.15860847915004342, -0.844390540032192, 0.000849524410967157], [0.10856517085862863, 0.9868752534952464, -0.1195110408096106, -0.0015344155893462896], [0.8522045412293603, -0.030520469304354956, 0.5224979268735676, -0.020370365139223558], [0.0, 0.0, 0.0, 1.0]]}
{"pair_idx": 1, "rel_a": "Street/img_south/image_south_1_0048.png", "rel_b": "Street/img/image1_000245.png", "T_wc_gt_a": [[-0.6953659029700263, -0.040271546044869266, -0.7175266291684484, 0.0], [0.004863029990919178, 0.9981421360356721, -0.06073406959403593, 0.0], [0.7186394171808194, -0.04572175466123052, -0.693878165980679, 0.0], [0.0, 0.0, 0.0, 1.0]], "T_wc_gt_b": [[0.3238364479680167, 0.01783095107013717, -0.9459450365382717, 0.0], [-0.01499045415058304, 0.9997935831308358, 0.013714131936212095, 0.0], [0.945994313540952, 0.0097390099260109, 0.32403689671678415, 0.0], [0.0, 0.0, 0.0, 1.0]], "T_wc_pred_a": [[1.0, -6.365264562191442e-05, 3.390842175576836e-05, 1.2159347534179688e-05], [6.365264562191442e-05, 1.0, -1.511006848886609e-05, -0.0001659393310546875], [-3.390842175576836e-05, 1.511006848886609e-05, 1.0, 7.37905502319336e-05], [0.0, 0.0, 0.0, 1.0]], "T_wc_pred_b": [[0.9790133833885193, 0.029974045231938362, 0.2014717310667038, 0.439453125], [-0.026065083220601082, 0.999417781829834, -0.021995918825268745, 0.0002608299255371094], [-0.20198437571525574, 0.016284670680761337, 0.9792216420173645, 0.62548828125], [0.0, 0.0, 0.0, 1.0]], "T_rel_gt_ba": [[0.4528378494230002, 0.07682374162856373, 0.8882769809311393, 0.0], [-0.039679637492228956, 0.9970302885894231, -0.06600098486974734, 0.0], [-0.8907094972539797, -0.005358764547822828, 0.4545413899130453, 0.0], [0.0, 0.0, 0.0, 1.0]], "T_rel_pred_ba": [[0.9790183021664948, 0.03003331858007994, 0.20143898790670803, 0.43943134019126034], [-0.02612944402655844, 0.9994164507398644, -0.02197993156604087, 0.00042861205105304475], [-0.20195220641660785, 0.016257019675273425, 0.9792287355426349, 0.6254211767088343], [0.0, 0.0, 0.0, 1.0]]}
{"pair_idx": 2, "rel_a": "StMarysChurch/seq10/frame00046.png", "rel_b": "StMarysChurch/seq4/frame00106.png", "T_wc_gt_a": [[0.6239600158391805, 0.07843105216310192, 0.777510429956125, -37.125891283212155], [-0.1582345096714972, 0.9870207759927061, 0.02741947679619694, 6.453899433414863], [-0.7652684095028296, -0.1401376388246395, 0.6282719981040572, 17.771264964933074], [0.0, 0.0, 0.0, 1.0]], "T_wc_gt_b": [[-0.2299918828073544, 0.005571381309802059, 0.9731765993657209, -8.237985137474022], [-0.5145089984557708, 0.848110208051452, -0.12644985372455886, 22.980580750069176], [-0.8260655085105344, -0.5297905573990759, -0.19219193776016907, 34.42989670145984], [0.0, 0.0, 0.0, 1.0]], "T_wc_pred_a": [[1.0, 3.719329833984375e-05, -0.00010633468627929688, 7.62939453125e-05], [-3.719329833984375e-05, 1.0, 1.4424324035644531e-05, -1.895427703857422e-05], [0.00010633468627929688, -1.4424324035644531e-05, 1.0, -1.138448715209961e-05], [0.0, 0.0, 0.0, 1.0]], "T_wc_pred_b": [[0.6197874546051025, 0.07976145297288895, 0.7804878354072571, -0.02264404296875], [-0.37482988834381104, 0.9039682149887085, 0.20539796352386475, 0.0032711029052734375], [-0.6894716620445251, -0.41984862089157104, 0.5901827216148376, 0.0019359588623046875], [0.0, 0.0, 0.0, 1.0]], "T_rel_gt_ba": [[0.6135861866548511, 0.06857571509310849, 0.7866443687244109, 0.11970264259525365], [-0.3528309469953919, 0.9150482859404185, 0.19544041864424289, 0.5025642918030719], [-0.7064151147793294, -0.3974720187597749, 0.5856566228724268, 0.3609913624828067], [0.0, 0.0, 0.0, 1.0]], "T_rel_pred_ba": [[0.6197074209442345, 0.07974966295326028, 0.7805525814664679, -0.02268092510479268], [-0.3748181014590177, 0.9039851176739789, 0.20534506798437357, 0.003319171389655643], [-0.6895500260707434, -0.4198144622352032, 0.5901154540689797, 0.0019873282364670595], [0.0, 0.0, 0.0, 1.0]]}
{"pair_idx": 3, "rel_a": "GreatCourt/seq3/frame00318.png", "rel_b": "GreatCourt/seq5/frame00368.png", "T_wc_gt_a": [[0.7107896205867701, 0.691063345026748, -0.13118524469831727, -28.6727132970258], [-0.13146842777101841, -0.05269609885248694, -0.9899187712459773, 5.683921900074869], [-0.6910095279846235, 0.7208707056928939, 0.05339717135108524, 12.784423891235079], [0.0, 0.0, 0.0, 1.0]], "T_wc_gt_b": [[-0.2477778534767059, 0.9621618039672442, -0.11336136164043908, -3.2440318945690936], [-0.1743246127637743, -0.15937809841109174, -0.971704456679923, 8.249240833176723], [-0.9530042312137109, -0.22100516901955636, 0.20721884700818394, 30.44879507895953], [0.0, 0.0, 0.0, 1.0]], "T_wc_pred_a": [[1.0, 7.390975952148438e-05, -0.00015306472778320312, 0.00010067224502563477], [-7.390975952148438e-05, 1.0, -8.428096771240234e-05, -5.02467155456543e-05], [0.00015306472778320312, 8.428096771240234e-05, 1.0, 8.815526962280273e-05], [0.0, 0.0, 0.0, 1.0]], "T_wc_pred_b": [[0.5488542914390564, 0.08931997418403625, 0.8310320377349854, 0.0303802490234375], [-0.12544111907482147, 0.9918220639228821, -0.023804325610399246, -0.00411224365234375], [-0.8261175751686096, -0.09116289019584656, 0.5554887652397156, -0.0100860595703125], [0.0, 0.0, 0.0, 1.0]], "T_rel_gt_ba": [[0.5036681662101974, 0.09409133112098955, 0.85875794014049, -0.316032272271062], [-0.10657520025326879, 0.9932252685614665, -0.046317303267548314, 0.14016585452859687], [-0.8572981424437082, -0.06819374823898983, 0.5102837521063007, -0.2683446220747854], [0.0, 0.0, 0.0, 1.0]], "T_rel_pred_ba": [[0.5487336691824514, 0.08920936951357843, 0.8311235481566759, 0.03025622133037609], [-0.12536417916722395, 0.9918333303827972, -0.023739921771463165, -0.0040476937925561585], [-0.8262093171456927, -0.09114863108866877, 0.5553546196406609, -0.010056420579063726], [0.0, 0.0, 0.0, 1.0]]}
{"pair_idx": 4, "rel_a": "GreatCourt/seq2/frame00078.png", "rel_b": "GreatCourt/seq3/frame00541.png", "T_wc_gt_a": [[0.7212705681116355, 0.6888997248324018, -0.07201344806187104, -54.84508066031442], [-0.11310420433363871, 0.014566817533883558, -0.9934763443529943, 9.224976908281887], [-0.6833565734943751, 0.7247102710413148, 0.08842407200107416, 45.705890675911135], [0.0, 0.0, 0.0, 1.0]], "T_wc_gt_b": [[0.9777834867302567, -0.20825993150634375, -0.02381709483952625, -68.56847868742753], [-0.002740147659356665, 0.10091309087941225, -0.9948914713072821, 0.7091772909223751], [0.20959948632672482, 0.9728537140897067, 0.09810049089294404, -19.829641052865902], [0.0, 0.0, 0.0, 1.0]], "T_wc_pred_a": [[1.0, -8.499622344970703e-05, 0.00013244152069091797, 8.58306884765625e-06], [8.499622344970703e-05, 1.0, -4.398822784423828e-05, 1.2516975402832031e-05], [-0.00013244152069091797, 4.398822784423828e-05, 1.0, 6.836652755737305e-05], [0.0, 0.0, 0.0, 1.0]], "T_wc_pred_b": [[0.6921394467353821, -0.08026626706123352, -0.7174447178840637, -0.06329345703125], [0.11474469304084778, 0.9933900833129883, -0.0004279237473383546, -0.00020003318786621094], [0.7125541567802429, -0.08203909546136856, 0.6967854499816895, -0.09478759765625], [0.0, 0.0, 0.0, 1.0]], "T_rel_gt_ba": [[0.5634913925779839, -0.08996338738478751, -0.8212088890293255, 0.7002460651811759], [0.13918817797602576, 0.9901810467447191, -0.012967103733927463, -0.198760126612626], [0.8143120419115997, -0.10699571766097411, 0.5704803369091475, -0.25591031837779354], [0.0, 0.0, 0.0, 1.0]], "T_rel_pred_ba": [[0.6920512293069204, -0.08017588201165635, -0.7175399009962348, -0.06324933768363923], [0.1146602049068317, 0.9933998465667947, -0.0003994116204477361, -0.00021342437935811025], [0.712653397596204, -0.08200916866056734, 0.69668745764399, -0.09484031800495105], [0.0, 0.0, 0.0, 1.0]]}
{"pair_idx": 5, "rel_a": "Street/img_west/image_west_0422.png", "rel_b": "Street/img_south/image_south_1_0424.png", "T_wc_gt_a": [[-0.914466227807839, 0.14318746033592805, 0.37848232376353935, 0.0], [0.10483384154613551, 0.9872008458430636, -0.12018467303870171, 0.0], [-0.3908470082597299, -0.07022706863658, -0.9177727251150647, 0.0], [0.0, 0.0, 0.0, 1.0]], "T_wc_gt_b": [[-0.8698757855219126, 0.07414518838922389, -0.48766649341672275, 0.0], [-0.012602437718472012, 0.9849750979082318, 0.17223598655397526, 0.0], [0.49310982177014895, 0.15596970070945065, -0.8558715768936462, 0.0], [0.0, 0.0, 0.0, 1.0]], "T_wc_pred_a": [[1.0, -0.00014889240264892578, 0.00010514259338378906, 3.3795833587646484e-05], [0.00014889240264892578, 1.0, -2.288818359375e-05, -5.6743621826171875e-05], [-0.00010514259338378906, 2.288818359375e-05, 1.0, -8.285045623779297e-06], [0.0, 0.0, 0.0, 1.0]], "T_wc_pred_b": [[0.640320897102356, 0.024223286658525467, 0.7673153877258301, -0.051910400390625], [0.20222774147987366, 0.9588938355445862, -0.19892455637454987, -0.005401611328125], [-0.7408900260925293, 0.28260499238967896, 0.609001874923706, 0.033172607421875], [0.0, 0.0, 0.0, 1.0]], "T_rel_gt_ba": [[0.6215155418192081, 0.04061381049202976, 0.7823483557051129, 0.0], [0.21774886287186035, 0.9503469621009998, -0.22231977946960257, 0.0], [-0.7525316365410746, 0.308530663018635, 0.5818117960149083, 0.0], [0.0, 0.0, 0.0, 1.0]], "T_rel_pred_ba": [[0.6403979493654585, 0.024301076120791156, 0.7672486108321279, -0.05192430755233273], [0.20206404894548638, 0.958928474352009, -0.19892385378171137, -0.005355675269594469], [-0.7408680444223195, 0.28248074188887806, 0.6090862371823338, 0.03321872096266949], [0.0, 0.0, 0.0, 1.0]]}
{"pair_idx": 6, "rel_a": "GreatCourt/seq1/frame00038.png", "rel_b": "GreatCourt/seq5/frame00265.png", "T_wc_gt_a": [[0.5251243921871135, 0.848915154090816, -0.05989519083433026, -59.47155594738458], [-0.018728913897463395, -0.05883497547710137, -0.9980920165219389, 3.8688858591190827], [-0.8508193700864691, 0.5252442353949018, -0.01499642190953776, 51.29597636703745], [0.0, 0.0, 0.0, 1.0]], "T_wc_gt_b": [[-0.40951140287942867, 0.9123012137287962, -0.002627991759434567, 9.446928410952676], [-0.018072840275210278, -0.010992463623717308, -0.9997762440605737, 2.648897500664328], [-0.9121259690174977, -0.4093722769954588, 0.02098941331825044, 78.60516247478853], [0.0, 0.0, 0.0, 1.0]], "T_wc_pred_a": [[1.0, -2.4318695068359375e-05, 9.059906005859375e-06, 5.8770179748535156e-05], [2.4318695068359375e-05, 1.0, -2.5033950805664062e-05, 3.4570693969726562e-06], [-9.059906005859375e-06, 2.5033950805664062e-05, 1.0, 2.8014183044433594e-06], [0.0, 0.0, 0.0, 1.0]], "T_wc_pred_b": [[0.502487301826477, -0.05016036704182625, 0.863136887550354, 0.0165252685546875], [0.04930553585290909, 0.9983552098274231, 0.029308553785085678, 0.0008950233459472656], [-0.863136887550354, 0.027812596410512924, 0.5041970014572144, -0.017333984375], [0.0, 0.0, 0.0, 1.0]], "T_rel_gt_ba": [[0.5595793029670098, -0.04338253813832809, 0.8276405977691235, 0.43918977912402823], [0.04105963071405787, 0.9988539135022796, 0.024596060798547526, -0.03535310886486487], [-0.8277590896007005, 0.020219170750976963, 0.5607192476788736, 0.5361745253642454], [0.0, 0.0, 0.0, 1.0]], "T_rel_pred_ba": [[0.5024963417758869, -0.050169754567489, 0.8631310790335615, 0.01649349220347758], [0.04928152290083377, 0.9983556739663665, 0.029333100085949002, 0.000888593502856832], [-0.8631329950444028, 0.027778983886300016, 0.504205516778736, -0.017284766418173326], [0.0, 0.0, 0.0, 1.0]]}
{"pair_idx": 7, "rel_a": "StMarysChurch/seq5/frame00045.png", "rel_b": "StMarysChurch/seq6/frame00015.png", "T_wc_gt_a": [[0.986217773346622, 0.03974940835767281, -0.160606625238332, -16.45947697134334], [-0.007632125412454088, 0.9806080868512014, 0.19583036195573753, 2.967907242675435], [0.16527629653679812, -0.1919056136157605, 0.9673964964097393, 9.454587270891254], [0.0, 0.0, 0.0, 1.0]], "T_wc_gt_b": [[0.7277550637003174, -0.056039481697854755, 0.6835438126042708, -2.7732831536619194], [-0.01049812393746579, 0.9956291863768446, 0.09280254645415702, 1.593096594564345], [-0.6857567765996486, -0.07471345076770423, 0.7239858725293205, 18.579369611963653], [0.0, 0.0, 0.0, 1.0]], "T_wc_pred_a": [[1.0, -2.753734588623047e-05, -6.365776062011719e-05, 1.4126300811767578e-05], [2.753734588623047e-05, 1.0, -4.3392181396484375e-05, 1.5139579772949219e-05], [6.365776062011719e-05, 4.3392181396484375e-05, 1.0, -4.8220157623291016e-05], [0.0, 0.0, 0.0, 1.0]], "T_wc_pred_b": [[0.6143466830253601, 0.0664709210395813, 0.7859424352645874, -0.037628173828125], [0.0169683787971735, 0.9951023459434509, -0.0973280668258667, -0.0146026611328125], [-0.7888695597648621, 0.07317899912595749, 0.6101998686790466, -0.07470703125], [0.0, 0.0, 0.0, 1.0]], "T_rel_gt_ba": [[0.605715777277181, 0.07335154538332352, 0.7922928422921529, -0.5120206707470709], [0.014317530888660642, 0.9945757109272337, -0.10302506269272384, -0.14899334501985528], [-0.795552264447002, 0.07374758317033614, 0.6013799867885375, -0.41968011848253184], [0.0, 0.0, 0.0, 1.0]], "T_rel_pred_ba": [[0.6142948190576897, 0.0664537315098118, 0.7859844234695013, -0.03759995733030637], [0.01694716905995589, 0.995107033980157, -0.0972838081421081, -0.014622657076506921], [-0.7889104145552288, 0.07313079876507925, 0.6101528217136118, -0.07466757236849489], [0.0, 0.0, 0.0, 1.0]]}
{"pair_idx": 8, "rel_a": "StMarysChurch/seq4/frame00098.png", "rel_b": "StMarysChurch/seq10/frame00036.png", "T_wc_gt_a": [[-0.1979721321671113, -0.02007694810497801, 0.9800020158346602, -4.333836849102476], [-0.47176588822314547, 0.8783281641844713, -0.07730836118663367, 20.1200216581389], [-0.8592112555095134, -0.4776364225591746, -0.1833561186615793, 34.27366534601259], [0.0, 0.0, 0.0, 1.0]], "T_wc_gt_b": [[0.7751969667308705, -0.0021301933853697733, 0.631716016139688, -36.972048932398486], [-0.07256774753900866, 0.9930742180101115, 0.09239869880425908, 3.3095832180321363], [-0.6275377158293933, -0.11746939941851414, 0.7696735382042709, 15.03416539973959], [0.0, 0.0, 0.0, 1.0]], "T_wc_pred_a": [[1.0, 3.135204315185547e-05, 4.291534423828125e-05, -1.055002212524414e-05], [-3.135204315185547e-05, 1.0, -2.288818359375e-05, 3.439188003540039e-05], [-4.291534423828125e-05, 2.288818359375e-05, 1.0, -8.046627044677734e-06], [0.0, 0.0, 0.0, 1.0]], "T_wc_pred_b": [[0.43553292751312256, -0.41332295536994934, -0.7997432351112366, -0.07452392578125], [0.07361550629138947, 0.9018052220344543, -0.42604056000709534, -0.0030040740966796875], [0.8975711464881897, 0.126687154173851, 0.4233044385910034, -0.06597900390625], [0.0, 0.0, 0.0, 1.0]], "T_rel_gt_ba": [[0.4656583406807991, -0.4164194243463152, -0.7808694979197793, 0.1876660308648681], [0.08497940325615513, 0.8993368506975092, -0.4289192581357397, 0.28382828708641483], [0.8808750256288532, 0.13337200607537164, 0.4541707797941194, 0.6021890778368668], [0.0, 0.0, 0.0, 1.0]], "T_rel_pred_ba": [[0.435485646675572, -0.4133183034204606, -0.7997713842328859, -0.07451155206658461], [0.07362549703388462, 0.9018126646191373, -0.4260230788168103, -0.003037740427860648], [0.8975932819302702, 0.12664932493615377, 0.42326881683932455, -0.06597048409934718], [0.0, 0.0, 0.0, 1.0]]}
{"pair_idx": 9, "rel_a": "StMarysChurch/seq13/frame00261.png", "rel_b": "StMarysChurch/seq12/frame00163.png", "T_wc_gt_a": [[-0.015424123815724444, 0.03247901350877039, -0.9993533959946374, 10.428748054584974], [0.46674577649933535, 0.8841294140462241, 0.021530428196225304, 3.796221005650439], [0.8842570194940776, -0.4661118888204606, -0.028796363931456126, 9.814484916565181], [0.0, 0.0, 0.0, 1.0]], "T_wc_gt_b": [[0.7763044546296073, -0.00956470038708744, -0.6302855783125085, 14.624580793403254], [0.10061860014688331, 0.9889448847149912, 0.1089215878535305, -0.9420204384546482], [0.6222758962282804, -0.14797476643859925, 0.7686847061511842, -1.6093624150518202], [0.0, 0.0, 0.0, 1.0]], "T_wc_pred_a": [[1.0, 3.4689903259277344e-05, 4.935264587402344e-05, 6.4849853515625e-05], [-3.4689903259277344e-05, 1.0, 9.21487808227539e-05, -3.910064697265625e-05], [-4.935264587402344e-05, -9.21487808227539e-05, 1.0, -5.2094459533691406e-05], [0.0, 0.0, 0.0, 1.0]], "T_wc_pred_b": [[0.6158239841461182, 0.3770887553691864, 0.6921032667160034, -0.01505279541015625], [-0.08138079196214676, 0.9037727117538452, -0.4203452169895172, 0.05096435546875], [-0.7839927077293396, 0.20235224068164825, 0.5872308015823364, 0.03204345703125], [0.0, 0.0, 0.0, 1.0]], "T_rel_gt_ba": [[0.6175935650730644, 0.3403100741402521, 0.7090608167280145, -0.06710583946683535], [-0.07828315819529674, 0.9236636965292084, -0.3751228103661102, 0.049580532558136436], [-0.7825918064504079, 0.1761659137082275, 0.5970893026374131, 0.023201667325920772], [0.0, 0.0, 0.0, 1.0]], "T_rel_pred_ba": [[0.6158712207018717, 0.3771311613251301, 0.6920381196650177, -0.015041937144381233], [-0.08137019048067863, 0.9037367928746766, -0.42042447939896976, 0.05098306722094858], [-0.783956702946413, 0.2024335505125839, 0.5872508379150001, 0.03213280430640457], [0.0, 0.0, 0.0, 1.0]]}
{"pair_idx": 10, "rel_a": "Street/img_north/image_north_1_0426.png", "rel_b": "Street/img_east/image_east_0382.png", "T_wc_gt_a": [[0.9379825597602297, 0.049126418724936734, 0.3431840797136564, 0.0], [-0.04185209731740364, 0.9987150874208712, -0.028575795842917605, 0.0], [-0.344146944684653, 0.01244062462996603, 0.938833377827522, 0.0], [0.0, 0.0, 0.0, 1.0]], "T_wc_gt_b": [[0.7924943218910384, 0.06456534593053485, -0.6064520309763449, 0.0], [-0.08336856986371118, 0.9965147039422942, -0.0028506816169540303, 0.0], [0.6041543108588588, 0.052818187508396175, 0.7951149651081818, 0.0], [0.0, 0.0, 0.0, 1.0]], "T_wc_pred_a": [[1.0, -3.1828880310058594e-05, -0.00013577938079833984, 1.811981201171875e-05], [3.1828880310058594e-05, 1.0, 4.649162292480469e-05, -6.443262100219727e-05], [0.00013577938079833984, -4.649162292480469e-05, 1.0, -6.973743438720703e-05], [0.0, 0.0, 0.0, 1.0]], "T_wc_pred_b": [[0.5525873899459839, 0.06842924654483795, -0.8309091329574585, -0.00015175342559814453], [-0.052633192390203476, 0.9974994659423828, 0.04720520228147507, -5.781650543212891e-06], [0.8318849802017212, 0.01762571558356285, 0.5547829866409302, -0.0013179779052734375], [0.0, 0.0, 0.0, 1.0]], "T_rel_gt_ba": [[0.5383930347210127, 0.04864468504780214, -0.841288675057794, 0.0], [-0.03022137450015884, 0.99880487965896, 0.038411988919757285, 0.0], [0.842151772952607, 0.00474415282748601, 0.5392196994980153, 0.0], [0.0, 0.0, 0.0, 1.0]], "T_rel_pred_ba": [[0.5526980231590568, 0.06840821133107171, -0.8308372683708717, -0.00021530094901236205], [-0.052671343922991144, 0.9974999816303853, 0.047151675205997924, 6.273251942909083e-05], [0.8318090742170468, 0.017677989109117574, 0.5548951072835661, -0.0012932141290195734], [0.0, 0.0, 0.0, 1.0]]}
{"pair_idx": 11, "rel_a": "GreatCourt/seq5/frame00094.png", "rel_b": "GreatCourt/seq1/frame00138.png", "T_wc_gt_a": [[0.8203117458379566, -0.5717182462631774, -0.015062753069754853, 1.4764159381114224], [0.027140556123988635, 0.065222401780056, -0.9975015932414952, -2.3479768226680933], [0.5712722904653824, 0.8178534619330027, 0.06901945342175664, -55.20660544090023], [0.0, 0.0, 0.0, 1.0]], "T_wc_gt_b": [[-0.029281560793314565, -0.9995710367790194, -0.0005767408638637783, 46.68954569456888], [0.01385165666437832, 0.00017116081857926346, -0.9999040465522813, 0.8113785524819327], [0.9994752232072388, -0.02928673994303238, 0.013840702957204742, -29.649688634974304], [0.0, 0.0, 0.0, 1.0]], "T_wc_pred_a": [[1.0, -7.224082946777344e-05, -9.989738464355469e-05, 3.141164779663086e-05], [7.224082946777344e-05, 1.0, 1.1801719665527344e-05, 4.172325134277344e-06], [9.989738464355469e-05, -1.1801719665527344e-05, 1.0, 9.5367431640625e-06], [0.0, 0.0, 0.0, 1.0]], "T_wc_pred_b": [[0.5603834390640259, -0.04448792338371277, -0.8268512487411499, 0.0012416839599609375], [0.009500344283878803, 0.9988353848457336, -0.047302842140197754, -0.0012912750244140625], [0.8278303146362305, 0.018664123490452766, 0.5601386427879333, 0.00848388671875], [0.0, 0.0, 0.0, 1.0]], "T_rel_gt_ba": [[0.5474616792127607, -0.06541384168202573, -0.83427018351967, -0.32955049095500755], [0.026326128644742833, 0.9977929847093072, -0.06095977866981923, -0.25007741030898056], [0.8364165497789514, 0.011410038619205807, 0.5479755161269372, -0.6059287436509848], [0.0, 0.0, 0.0, 1.0]], "T_rel_pred_ba": [[0.560469245320097, -0.04445719222021904, -0.8267947346580495, 0.001232149116320432], [0.009432914091954328, 0.9988355079043922, -0.04731368779340666, -0.0012952875757952227], [0.8277729969027928, 0.01873053407089928, 0.5602211140928902, 0.008452464170157457], [0.0, 0.0, 0.0, 1.0]]}
{"pair_idx": 12, "rel_a": "GreatCourt/seq4/frame00130.png", "rel_b": "GreatCourt/seq1/frame00169.png", "T_wc_gt_a": [[-0.3639695851393232, -0.9311545242653559, -0.021849325702813893, 33.92853070226387], [0.05087109100899889, 0.003549752473919643, -0.998698919272935, -0.3472436441125515], [0.9300205767578817, -0.3646075303631737, 0.04607684461206407, -19.523522969981855], [0.0, 0.0, 0.0, 1.0]], "T_wc_gt_b": [[0.5974664302799968, -0.7995137203825341, -0.061738769088448775, 1.4509670783066697], [0.04059882877940124, 0.10705160387693502, -0.9934242241908119, -2.556035469942146], [0.8008655316532349, 0.5910311032656866, 0.09641906026469327, -38.652664961656534], [0.0, 0.0, 0.0, 1.0]], "T_wc_pred_a": [[1.0, -2.9325485229492188e-05, 3.5643577575683594e-05, -8.702278137207031e-06], [2.9325485229492188e-05, 1.0, 1.0371208190917969e-05, -7.152557373046875e-06], [-3.5643577575683594e-05, -1.0371208190917969e-05, 1.0, 1.811981201171875e-05], [0.0, 0.0, 0.0, 1.0]], "T_wc_pred_b": [[0.3591235280036926, 0.09675570577383041, 0.928267240524292, -0.0184326171875], [-0.089167021214962, 0.993619978427887, -0.06903253495693207, 0.005046844482421875], [-0.9292464256286621, -0.05798610299825668, 0.3654882311820984, 0.0465087890625], [0.0, 0.0, 0.0, 1.0]], "T_rel_gt_ba": [[0.5283601596570446, 0.08921413530860975, 0.8443200694927956, 0.0395644917397715], [-0.09275267471244167, 0.9945770124883125, -0.04704792836577323, 0.017745737783806614], [-0.8439386725472829, -0.05345469381597829, 0.533769718781583, 0.38343776332917656], [0.0, 0.0, 0.0, 1.0]], "T_rel_pred_ba": [[0.35915377627781747, 0.09677586524222336, 0.9282534353161593, -0.018445619314263494], [-0.08919862032575449, 0.9936166466103705, -0.0690396606040928, 0.005054426136961539], [-0.9292316959599795, -0.05800956226434853, 0.36552195395338644, 0.046493664524013774], [0.0, 0.0, 0.0, 1.0]]}
{"pair_idx": 13, "rel_a": "Street/img/image2_002337.png", "rel_b": "Street/img/image2_002433.png", "T_wc_gt_a": [[-0.5511138912626905, 0.02431642752463943, 0.8340756501719337, 0.0], [-0.12323086433576404, 0.986242937471629, -0.11017723159706297, 0.0], [-0.8252803359661223, -0.16350406612610982, -0.5405356486189166, 0.0], [0.0, 0.0, 0.0, 1.0]], "T_wc_gt_b": [[-0.9995223360530772, -0.028984223115090045, 0.01072448327027614, 0.0], [-0.02980580221841219, 0.9957927760738348, -0.08665080076538566, 0.0], [-0.00816785682518052, -0.08692906262913654, -0.9961810197877208, 0.0], [0.0, 0.0, 0.0, 1.0]], "T_wc_pred_a": [[1.0, -2.3603439331054688e-05, -3.7550926208496094e-05, 6.431341171264648e-05], [2.3603439331054688e-05, 1.0, 4.0411949157714844e-05, -1.8656253814697266e-05], [3.7550926208496094e-05, -4.0411949157714844e-05, 1.0, -5.793571472167969e-05], [0.0, 0.0, 0.0, 1.0]], "T_wc_pred_b": [[0.5332643389701843, 0.07721998542547226, 0.8422224521636963, -0.0955810546875], [-0.034523312002420425, 0.9969845414161682, -0.06947359442710876, -0.0025119781494140625], [-0.8451501727104187, 0.007975129410624504, 0.5342402458190918, 0.01212310791015625], [0.0, 0.0, 0.0, 1.0]], "T_rel_gt_ba": [[0.5590908816218636, 0.0934049221723352, 0.8238282021157494, 0.0], [-0.031632808474553534, 0.9953135327016818, -0.09138017864346148, 0.0], [-0.8285027166613879, 0.025029824907073034, 0.5594253805020127, 0.0], [0.0, 0.0, 0.0, 1.0]], "T_rel_pred_ba": [[0.5332308883446953, 0.07726660804230613, 0.8422393529832009, -0.09556511134082717], [-0.03454423382155229, 0.996980916809459, -0.06951518153720525, -0.0024951839745759575], [-0.8451704210017912, 0.007976768875941679, 0.5342081865302009, 0.012208562253131059], [0.0, 0.0, 0.0, 1.0]]}
{"pair_idx": 14, "rel_a": "Street/img_east/image_east_0139.png", "rel_b": "Street/img_north/image_north_1_0205.png", "T_wc_gt_a": [[0.8319315597029204, 0.06080615435561039, -0.5515364825310723, 0.0], [-0.05729909861453965, 0.9980779044016057, 0.023607415005895322, 0.0], [0.551911852806431, 0.01196278971565561, 0.8338166455486431, 0.0], [0.0, 0.0, 0.0, 1.0]], "T_wc_gt_b": [[0.8471281017845989, 0.10570746793437971, 0.5207685766151067, 0.0], [-0.1076096407248524, 0.9938350384507457, -0.02668485657958421, 0.0], [-0.5203788469854345, -0.033434227529686986, 0.8532807322561565, 0.0], [0.0, 0.0, 0.0, 1.0]], "T_wc_pred_a": [[1.0, -0.00010454654693603516, -0.00013399124145507812, 4.488229751586914e-05], [0.00010454654693603516, 1.0, 5.1021575927734375e-05, -0.0001366138458251953], [0.00013399124145507812, -5.1021575927734375e-05, 1.0, -0.00028204917907714844], [0.0, 0.0, 0.0, 1.0]], "T_wc_pred_b": [[0.4737344980239868, 0.03557911515235901, 0.8800410032272339, -0.06298828125], [0.006108002737164497, 0.9990270137786865, -0.043672218918800354, -0.00037026405334472656], [-0.8810182809829712, 0.026065900921821594, 0.4727572202682495, -0.21533203125], [0.0, 0.0, 0.0, 1.0]], "T_rel_gt_ba": [[0.42395739863858506, 0.06925861134242434, 0.9030301040909561, 0.0], [-0.01437489756049732, 0.997460767429931, -0.06975227421538642, 0.0], [-0.9055680462890289, 0.01659102748512774, 0.42387645764687, 0.0], [0.0, 0.0, 0.0, 1.0]], "T_rel_pred_ba": [[0.4736128424334397, 0.0356735339634481, 0.8801026430800389, -0.06275643235584816], [0.0060094164968368105, 0.9990254112574157, -0.04372238556049773, -0.0002463849292094944], [-0.8810843283042176, 0.025997901324985532, 0.472637836231377, -0.21515562737404723], [0.0, 0.0, 0.0, 1.0]]}
{"pair_idx": 15, "rel_a": "Street/img_south/image_south_1_0044.png", "rel_b": "Street/img/image1_000216.png", "T_wc_gt_a": [[-0.6426637392079573, -0.030141769959986204, -0.76555521813317, 0.0], [0.0004911558336064895, 0.9992093918853804, -0.039753615357543286, 0.0], [0.7661482082947093, -0.02592421400404765, -0.6421408397346167, 0.0], [0.0, 0.0, 0.0, 1.0]], "T_wc_gt_b": [[-0.996222895592838, -0.08674085285206355, 0.003995840727335819, 0.0], [-0.0868297209235148, 0.9955218727238043, -0.03737379419906602, 0.0], [-0.0007361120608389102, -0.037579587211493744, -0.9992933667167254, 0.0], [0.0, 0.0, 0.0, 1.0]], "T_wc_pred_a": [[1.0, 2.4199485778808594e-05, 0.0001647472381591797, 1.436471939086914e-05], [-2.4199485778808594e-05, 1.0, 1.7881393432617188e-05, 8.535385131835938e-05], [-0.0001647472381591797, -1.7881393432617188e-05, 1.0, -5.21540641784668e-05], [0.0, 0.0, 0.0, 1.0]], "T_wc_pred_b": [[0.6413322687149048, -0.06135266274213791, -0.7651252746582031, 0.058135986328125], [0.02380349114537239, 0.9979084134101868, -0.06010305508971214, 0.005176544189453125], [0.7670758962631226, 0.020344212651252747, 0.6415761113166809, 0.00531768798828125], [0.0, 0.0, 0.0, 1.0]], "T_rel_gt_ba": [[0.6397918172794311, -0.08732042463197698, -0.7635715906084872, 0.0], [0.054407225015844086, 0.9961779015680272, -0.0683333175954257, 0.0], [0.7666200391382678, 0.0021752860991680156, 0.6420973319692492, 0.0], [0.0, 0.0, 0.0, 1.0]], "T_rel_pred_ba": [[0.6412047138070097, -0.061381862941857386, -0.7652298137706566, 0.05809210493592357], [0.023817734577338667, 0.9979067619176432, -0.06012482295912189, 0.005087891115117762], [0.7671820654208101, 0.020337117248082126, 0.6414493565342427, 0.005338385972815859], [0.0, 0.0, 0.0, 1.0]]}
{"pair_idx": 16, "rel_a": "StMarysChurch/seq10/frame00046.png", "rel_b": "StMarysChurch/seq4/frame00105.png", "T_wc_gt_a": [[0.6239600158391805, 0.07843105216310192, 0.777510429956125, -37.125891283212155], [-0.1582345096714972, 0.9870207759927061, 0.02741947679619694, 6.453899433414863], [-0.7652684095028296, -0.1401376388246395, 0.6282719981040572, 17.771264964933074], [0.0, 0.0, 0.0, 1.0]], "T_wc_gt_b": [[-0.21577161897456199, 0.0008143162298500373, 0.9764435187629512, -8.602752183334252], [-0.4912592720795542, 0.8641311912953531, -0.10927768219696277, 21.711227400795583], [-0.8438642876914288, -0.5032659546597124, -0.1860549457538967, 34.78802862682707], [0.0, 0.0, 0.0, 1.0]], "T_wc_pred_a": [[1.0, 1.8596649169921875e-05, -8.463859558105469e-05, 8.910894393920898e-05], [-1.8596649169921875e-05, 1.0, 7.62939453125e-06, -1.8417835235595703e-05], [8.463859558105469e-05, -7.62939453125e-06, 1.0, -1.1026859283447266e-05], [0.0, 0.0, 0.0, 1.0]], "T_wc_pred_b": [[0.622083842754364, 0.06755495816469193, 0.780308723449707, -0.0208740234375], [-0.3446282148361206, 0.91824871301651, 0.1953219473361969, -0.001705169677734375], [-0.7029632329940796, -0.3901543617248535, 0.5946702361106873, 0.0177154541015625], [0.0, 0.0, 0.0, 1.0]], "T_rel_gt_ba": [[0.6246260249869412, 0.061719833772072616, 0.7784812078837616, 0.3541162972603722], [-0.323715962317223, 0.927653272159584, 0.18619178927291866, 0.3971392281057575], [-0.7106689135244676, -0.3683070305747155, 0.5994160713387553, 0.12844651290780007], [0.0, 0.0, 0.0, 1.0]], "T_rel_pred_ba": [[0.6220190502990173, 0.06754934437547534, 0.7803608549079504, -0.020919601856149855], [-0.3446276670536082, 0.9182566118485354, 0.19528577279248638, -0.00165539458255333], [-0.703020815499694, -0.39013675135080184, 0.5946137099233962, 0.017777470791300563], [0.0, 0.0, 0.0, 1.0]]}
{"pair_idx": 17, "rel_a": "GreatCourt/seq3/frame00316.png", "rel_b": "GreatCourt/seq1/frame00187.png", "T_wc_gt_a": [[0.9606400902179102, 0.23721853006325969, -0.14456135742566775, -31.81400355761849], [-0.15900186582586015, 0.042810828798774625, -0.9863496538253852, 5.713087176609534], [-0.2277916234851942, 0.9705125459942229, 0.07884398732808451, -4.727639901825696], [0.0, 0.0, 0.0, 1.0]], "T_wc_gt_b": [[0.6575550919369029, -0.7474051589067223, -0.09490431764397428, -10.66985459600433], [-0.07484503654683528, 0.060541218719375234, -0.9953557059364635, 2.9984444627301534], [0.7496796126160523, 0.6616043298494878, -0.016130379792675953, -30.66533717590662], [0.0, 0.0, 0.0, 1.0]], "T_wc_pred_a": [[1.0, -0.00018513202667236328, -5.793571472167969e-05, 2.181529998779297e-05], [0.00018513202667236328, 1.0, -7.271766662597656e-05, -4.774332046508789e-05], [5.793571472167969e-05, 7.271766662597656e-05, 1.0, 4.565715789794922e-05], [0.0, 0.0, 0.0, 1.0]], "T_wc_pred_b": [[-0.5743124485015869, 0.24872641265392303, 0.7796831727027893, -0.04150390625], [0.2091194987297058, 0.9656553268432617, -0.15406839549541473, -0.0017213821411132812], [-0.7916399836540222, 0.07460547238588333, -0.6061972379684448, 0.78173828125], [0.0, 0.0, 0.0, 1.0]], "T_rel_gt_ba": [[0.4680949266681327, -0.04294067994787071, -0.882634260400745, 0.2946659660949109], [0.08635232822369278, 0.9962610761921684, -0.0026727279640449265, 0.04129566572911969], [0.8794489269070168, -0.07496643295526802, 0.470052783091495, -0.03601582644255075], [0.0, 0.0, 0.0, 1.0]], "T_rel_pred_ba": [[-0.5744036361642758, 0.24856337650917118, 0.7796679691663377, -0.041515105644998634], [0.208949637060243, 0.9657052076204571, -0.1539860660195041, -0.0016728039007955268], [-0.7916186537324167, 0.07450300260991481, -0.6062376832764294, 0.7817867867587653], [0.0, 0.0, 0.0, 1.0]]}
{"pair_idx": 18, "rel_a": "GreatCourt/seq2/frame00106.png", "rel_b": "GreatCourt/seq5/frame00266.png", "T_wc_gt_a": [[0.4714564347594794, 0.8801606215643498, -0.05519157880816661, -55.93575073541638], [-0.1199485305729982, 0.001996812397835779, -0.9927781034821559, 9.92340590877917], [-0.8736939854075105, 0.4746717739530182, 0.1065153832788277, 54.17533623465563], [0.0, 0.0, 0.0, 1.0]], "T_wc_gt_b": [[-0.42177454934929637, 0.9067007226299961, 0.00017059730705987208, 11.01378330014592], [-0.026514477589248686, -0.01214580160762968, -0.9995746405253974, 3.270388372268194], [-0.9063129768459499, -0.42159966684705913, 0.029163485989872506, 77.60561822420057], [0.0, 0.0, 0.0, 1.0]], "T_wc_pred_a": [[1.0, 4.410743713378906e-06, 3.838539123535156e-05, -1.2278556823730469e-05], [-4.410743713378906e-06, 1.0, -3.8623809814453125e-05, -2.9742717742919922e-05], [-3.838539123535156e-05, 3.8623809814453125e-05, 1.0, -3.5762786865234375e-05], [0.0, 0.0, 0.0, 1.0]], "T_wc_pred_b": [[0.5404589772224426, 0.05710688233375549, 0.8394803404808044, -0.004856109619140625], [0.03897674381732941, 0.9949256777763367, -0.0927261933684349, -0.0005764961242675781], [-0.840457022190094, 0.08283703029155731, 0.5353312492370605, -0.00753021240234375], [0.0, 0.0, 0.0, 1.0]], "T_rel_gt_ba": [[0.5991845307596402, 0.052232383400648806, 0.798905298657255, 0.7303335407621905], [0.03197742518109637, 0.9955119356481711, -0.08906980555058532, 0.005587295945534532], [-0.7999720884988034, 0.07891618405827373, 0.594825094894746, -0.14938795727492504], [0.0, 0.0, 0.0, 1.0]], "T_rel_pred_ba": [[0.5404914520222768, 0.05707207515165485, 0.8394617978459356, -0.0048177541921541195], [0.03897757428097086, 0.9949290858686572, -0.09268926158608162, -0.0005497404672385042], [-0.8404361066314765, 0.0828200593378998, 0.5353667085320426, -0.007518922245695427], [0.0, 0.0, 0.0, 1.0]]}
{"pair_idx": 19, "rel_a": "Street/img_west/image_west_0423.png", "rel_b": "Street/img_south/image_south_1_0425.png", "T_wc_gt_a": [[-0.9428689986681802, 0.10540061326759617, 0.31605183447225593, 0.0], [0.0752192535685623, 0.9914898756641405, -0.10625389568432564, 0.0], [-0.32456141983151965, -0.07641032115049548, -0.942773221712744, 0.0], [0.0, 0.0, 0.0, 1.0]], "T_wc_gt_b": [[-0.8234191899709995, 0.04613086807208939, -0.5655552851829947, 0.0], [-0.026154414484537765, 0.9925450694668735, 0.1190387822517113, 0.0], [0.5668304721788288, 0.1128105849994353, -0.8160741312660333, 0.0], [0.0, 0.0, 0.0, 1.0]], "T_wc_pred_a": [[1.0, -0.00010228157043457031, 0.0001819133758544922, 8.106231689453125e-06], [0.00010228157043457031, 1.0, -1.7762184143066406e-05, -2.5212764739990234e-05], [-0.0001819133758544922, 1.7762184143066406e-05, 1.0, -6.794929504394531e-06], [0.0, 0.0, 0.0, 1.0]], "T_wc_pred_b": [[0.6872937679290771, 0.02538597397506237, 0.7257329821586609, 0.008819580078125], [0.13824650645256042, 0.9765561819076538, -0.16503940522670746, 0.0010747909545898438], [-0.7130094170570374, 0.2137315422296524, 0.6677190065383911, -0.0347900390625], [0.0, 0.0, 0.0, 1.0]], "T_rel_gt_ba": [[0.6024938635399196, 0.04389376408097894, 0.796915605237809, 0.0], [0.1668974711173227, 0.969482737629954, -0.17957854986654861, 0.0], [-0.7804783011278293, 0.24119817352611403, 0.5767816420069931, 0.0], [0.0, 0.0, 0.0, 1.0]], "T_rel_pred_ba": [[0.6874231634089766, 0.02544339630606108, 0.7256083826206551, 0.008819579622866665], [0.13811659671740814, 0.9765732402885509, -0.16504718440935467, 0.0010971719768324984], [-0.7129097778825089, 0.21364676217909892, 0.6678524891958969, -0.03477433541453111], [0.0, 0.0, 0.0, 1.0]]}
{"pair_idx": 20, "rel_a": "GreatCourt/seq1/frame00188.png", "rel_b": "GreatCourt/seq3/frame00316.png", "T_wc_gt_a": [[0.624963937500977, -0.7741911305653207, -0.10024056153706123, -9.659796735286008], [-0.04157014653391644, 0.09521965151204181, -0.9945879251645247, 1.5892713664053972], [0.7795460215666703, 0.625748600733486, 0.02732560959357766, -31.19046019169949], [0.0, 0.0, 0.0, 1.0]], "T_wc_gt_b": [[0.9606400902179102, 0.23721853006325969, -0.14456135742566775, -31.81400355761849], [-0.15900186582586015, 0.042810828798774625, -0.9863496538253852, 5.713087176609534], [-0.2277916234851942, 0.9705125459942229, 0.07884398732808451, -4.727639901825696], [0.0, 0.0, 0.0, 1.0]], "T_wc_pred_a": [[1.0, -0.0002880096435546875, 5.125999450683594e-05, 1.33514404296875e-05], [0.0002880096435546875, 1.0, 1.1563301086425781e-05, -7.510185241699219e-05], [-5.125999450683594e-05, -1.1563301086425781e-05, 1.0, 0.00010341405868530273], [0.0, 0.0, 0.0, 1.0]], "T_wc_pred_b": [[0.5083099603652954, 0.11478608101606369, 0.8536980152130127, 0.0174407958984375], [-0.023376554250717163, 0.9925442337989807, -0.11960534751415253, 0.0018405914306640625], [-0.8607078790664673, 0.040869854390621185, 0.5073086023330688, 0.0307464599609375], [0.0, 0.0, 0.0, 1.0]], "T_rel_gt_ba": [[0.43120384296806913, 0.12643289698907123, 0.8933520965266268, 0.014464737855860221], [-0.03364195291335081, 0.991697618745645, -0.12411306127234571, -0.059107376801426526], [-0.9016271207177304, 0.023463919816774995, 0.4318772738326102, -0.00401423771285625], [0.0, 0.0, 0.0, 1.0]], "T_rel_pred_ba": [[0.5083206150108162, 0.11494235350572302, 0.8536706295880383, 0.017354359925110314], [-0.02366854569562562, 0.9925360338782439, -0.11961561125762904, 0.0019278186704191204], [-0.8606935734005358, 0.04062783300817944, 0.5073522516890479, 0.030708535329899284], [0.0, 0.0, 0.0, 1.0]]}
{"pair_idx": 21, "rel_a": "StMarysChurch/seq5/frame00043.png", "rel_b": "StMarysChurch/seq6/frame00017.png", "T_wc_gt_a": [[0.9611720257772318, 0.014447238946370412, -0.2755714320282834, -16.268318507258556], [0.031266919658788306, 0.9864956885725306, 0.1607751105204396, 1.7106616817421656], [0.2741727860279777, -0.16314880849897487, 0.947740338746337, 7.1037667977951475], [0.0, 0.0, 0.0, 1.0]], "T_wc_gt_b": [[0.8225005839902235, -0.002767190690324682, 0.5687575335689407, -4.436420872869659], [-0.058822407280501365, 0.9942119954871453, 0.089902349419775, 2.155015250885246], [-0.5657143393422762, -0.10740042218330371, 0.8175771740804534, 17.280019926347464], [0.0, 0.0, 0.0, 1.0]], "T_wc_pred_a": [[1.0, -1.33514404296875e-05, 4.7206878662109375e-05, 4.607439041137695e-05], [1.33514404296875e-05, 1.0, -1.1920928955078125e-07, 1.4722347259521484e-05], [-4.7206878662109375e-05, 1.1920928955078125e-07, 1.0, -1.4126300811767578e-05], [0.0, 0.0, 0.0, 1.0]], "T_wc_pred_b": [[0.6598560214042664, 0.08973310142755508, 0.7461694478988647, -0.0308685302734375], [-0.060208410024642944, 0.9959662556648254, -0.06649155914783478, -0.0096893310546875], [-0.7490975260734558, -0.0010370243107900023, 0.662540078163147, -0.084228515625], [0.0, 0.0, 0.0, 1.0]], "T_rel_gt_ba": [[0.6337912462492586, 0.11442929331234453, 0.7649931980154131, 0.2442139002863355], [-0.06694935327705687, 0.9934007117565967, -0.09312792265089428, 0.028048360576764075], [-0.7706013497740549, 0.007807862289035455, 0.6372696423123261, 0.20326018896451714], [0.0, 0.0, 0.0, 1.0]], "T_rel_pred_ba": [[0.6598900460821983, 0.08974182296357798, 0.746138307247588, -0.030889715341155283], [-0.060224846317295036, 0.995965459502436, -0.06648859739248739, -0.009702158418886414], [-0.7490662339747448, -0.0010471044091381776, 0.6625754391171396, -0.08418462769909368], [0.0, 0.0, 0.0, 1.0]]}
