{"pair_idx": 0, "rel_a": "3d_dollhouse_sink/multiview-07-pixel_7/images/032.jpg", "rel_b": "3d_dollhouse_sink/multiview-07-pixel_7/images/033.jpg", "T_wc_gt_a": [[-0.6768705479181374, 0.01592109460600004, 0.7359298744496974, -20.170751571655277], [-0.19345609008822362, -0.9684690440398, -0.15697914493464807, -9.893038385691549], [0.7102260221709549, -0.2486246759337917, 0.6586082051933755, 206.66683959960935], [0.0, 0.0, 0.0, 1.0]], "T_wc_gt_b": [[-0.9492751296481883, -0.09002080403416403, -0.3012855507196748, 19.07435607910156], [0.06711796091146723, -0.9940709867350856, 0.08554561738990497, -42.10436881210618], [-0.307200109951969, 0.06098465522224335, 0.9496888776188348, 212.37138106652387], [0.0, 0.0, 0.0, 1.0]], "T_wc_pred_a": [[1.0, 0.0, 0.0, 0.0], [0.0, 1.0, 0.0, 0.0], [0.0, 0.0, 1.0, 0.0], [0.0, 0.0, 0.0, 1.0]], "T_wc_pred_b": [[0.3964330564183635, 0.3029247079671467, -0.8666472483553004, 0.3185205276678954], [0.022060500517537013, 0.9405789570808915, 0.33885772798261127, -0.1485816230145694], [0.9177985433065967, -0.15345307686599302, 0.3661939200814905, 0.25890096076157754], [0.0, 0.0, 0.0, 1.0]]}
{"pair_idx": 1, "rel_a": "bottle_vitamin_d_tablets/multiview-04-pixel_6pro/images/020.jpg", "rel_b": "bottle_vitamin_d_tablets/multiview-04-pixel_6pro/images/021.jpg", "T_wc_gt_a": [[0.43258228207658067, -0.03366513706201529, -0.90096571953655, 21.32491612814271], [0.33385185899470105, -0.922287123102266, 0.1947547144629046, -2.256671521002581], [-0.8375055256409952, -0.3850365191853118, -0.3877258998499573, 209.32240675304385], [0.0, 0.0, 0.0, 1.0]], "T_wc_gt_b": [[-0.6769728439300291, 0.11299420230327856, -0.7272826677620842, 3.7211718489494574], [0.3120138472081851, -0.8509001125778988, -0.42263028472326347, 3.525776809205788], [-0.6665996757662246, -0.5130314889563459, 0.5407805133393762, 216.71548864000584], [0.0, 0.0, 0.0, 1.0]], "T_wc_pred_a": [[1.0, 0.0, 0.0, 0.0], [0.0, 1.0, 0.0, 0.0], [0.0, 0.0, 1.0, 0.0], [0.0, 0.0, 0.0, 1.0]], "T_wc_pred_b": [[0.4455662143540817, -0.44143489974446254, 0.7788491368126232, -0.28735568533708145], [0.5293272723122071, 0.8315229503037271, 0.16847024041267059, -0.06916623411656139], [-0.7219995757704368, 0.33720144187974727, 0.6041620645005182, 0.15665128778033513], [0.0, 0.0, 0.0, 1.0]]}
{"pair_idx": 2, "rel_a": "box_multi_door_colored/multiview-04-pixel_6pro/images/019.jpg", "rel_b": "box_multi_door_colored/multiview-04-pixel_6pro/images/021.jpg", "T_wc_gt_a": [[-0.44257368065208036, -0.01044712887039248, -0.8966712857521622, 18.41461769157941], [0.45293941444064745, -0.8656065850002148, -0.21347394888001883, -16.016875426826456], [-0.7739343796732598, -0.5006157183934908, 0.38782660875336483, 277.0978030265149], [0.0, 0.0, 0.0, 1.0]], "T_wc_gt_b": [[-0.965057214559095, 0.13757520697697184, 0.22301936026427094, -27.20900972180695], [-0.26191500967837683, -0.5326377666089341, -0.8047965813092289, 1.7053154776509925], [0.00806847771373799, -0.8350868649470485, 0.5500589310794733, 280.20749681584493], [0.0, 0.0, 0.0, 1.0]], "T_wc_pred_a": [[1.0, 0.0, 0.0, 0.0], [0.0, 1.0, 0.0, 0.0], [0.0, 0.0, 1.0, 0.0], [0.0, 0.0, 0.0, 1.0]], "T_wc_pred_b": [[0.1930132075227252, -0.5533337753949065, 0.8102886119951382, -0.367279465373726], [0.8410264000081233, 0.5186572585602407, 0.15384811546506097, -0.06853127869152867], [-0.5053914287076549, 0.6517793960766122, 0.5654760142029378, 0.1967206720718771], [0.0, 0.0, 0.0, 1.0]]}
{"pair_idx": 3, "rel_a": "bunny_racer/multiview-07-ipad_4/images/016.jpg", "rel_b": "bunny_racer/multiview-07-ipad_4/images/018.jpg", "T_wc_gt_a": [[-0.6046363292602797, -0.011634882286577913, 0.7964166866991375, 5.650735378265381], [-0.14169143006489673, -0.9823738070672672, -0.1219230980344915, -20.678430557250977], [0.7837974534181767, -0.18656455371356376, 0.5923303295567767, 203.25067138671875], [0.0, 0.0, 0.0, 1.0]], "T_wc_gt_b": [[0.10412813218845163, -0.19060005476977193, 0.9761295770586527, -35.326847076416016], [-0.8851211095968365, -0.46534715902932344, 0.0035556897224650608, -2.570268784181404], [0.45356141087289287, -0.8643631416858875, -0.21715986245596408, 197.0231170654297], [0.0, 0.0, 0.0, 1.0]], "T_wc_pred_a": [[1.0, 0.0, 0.0, 0.0], [0.0, 1.0, 0.0, 0.0], [0.0, 0.0, 1.0, 0.0], [0.0, 0.0, 0.0, 1.0]], "T_wc_pred_b": [[0.7148368944096705, 0.032349438392088245, 0.6985425743835907, -0.35119185030590744], [0.5252616409695765, 0.63460370195521, -0.5669024166386054, 0.24175704117532423], [-0.46163667847852635, 0.7721603818511142, 0.43664622039226986, 0.25410625810289433], [0.0, 0.0, 0.0, 1.0]]}
{"pair_idx": 4, "rel_a": "can_kernel_corn/multiview-04-pixel_6pro/images/020.jpg", "rel_b": "can_kernel_corn/multiview-04-pixel_6pro/images/024.jpg", "T_wc_gt_a": [[-0.025334886163925985, 0.03337697165523226, -0.9991216749256251, -4.462605441137839], [0.5242076852912396, -0.8505685436760084, -0.0417067763136226, 9.206810722376789], [-0.8512135138874743, -0.5248038969672383, 0.004052592175227465, 192.90235498613845], [0.0, 0.0, 0.0, 1.0]], "T_wc_gt_b": [[-0.7658442123245361, -0.04467148480956229, -0.6414726033853043, 3.5005515770877733], [0.3709593711846462, -0.8455370426104525, -0.3840003313850935, 1.3524331743423], [-0.5252349830117019, -0.5320447049059682, 0.6641209563040594, 205.3447234169205], [0.0, 0.0, 0.0, 1.0]], "T_wc_pred_a": [[1.0, 0.0, 0.0, 0.0], [0.0, 1.0, 0.0, 0.0], [0.0, 0.0, 1.0, 0.0], [0.0, 0.0, 0.0, 1.0]], "T_wc_pred_b": [[0.5408690940063737, -0.3884493966510104, 0.7460346435589906, -0.20762317425357066], [0.4233294015573375, 0.8921586231631811, 0.15762363050216438, -0.0539365879307114], [-0.7268100445961313, 0.23056464897516785, 0.6469830768398249, 0.11384557113512721], [0.0, 0.0, 0.0, 1.0]]}
{"pair_idx": 5, "rel_a": "chicken_racer/multiview-11-pixel_5/images/033.jpg", "rel_b": "chicken_racer/multiview-11-pixel_5/images/036.jpg", "T_wc_gt_a": [[-0.5997110177594231, -0.03169068677989621, 0.7995888915870303, -3.8248625010415913], [-0.09651554376573725, -0.9890564433885578, -0.11158898513375322, -23.767377853393555], [0.7943748768620275, -0.14409390050586962, 0.5900894024191956, 187.0834808349609], [0.0, 0.0, 0.0, 1.0]], "T_wc_gt_b": [[0.5904880586931642, 0.020419942908818822, 0.8067880009471997, 7.928760051727295], [-0.43094603019819794, -0.837248933267819, 0.3366002715363023, -26.857686689954203], [0.6823557514941836, -0.5464405271147987, -0.48558560391480765, 192.46876147203216], [0.0, 0.0, 0.0, 1.0]], "T_wc_pred_a": [[1.0, 0.0, 0.0, 0.0], [0.0, 1.0, 0.0, 0.0], [0.0, 0.0, 1.0, 0.0], [0.0, 0.0, 0.0, 1.0]], "T_wc_pred_b": [[0.2745254303314322, -0.14550370339270804, 0.9505074751943559, -0.28047113283440533], [0.5390118895422985, 0.8418715751296372, -0.026803617680895633, 0.00022716611437677002], [-0.7963051996774743, 0.5196931049068759, 0.3095433825473707, 0.23909966950807687], [0.0, 0.0, 0.0, 1.0]]}
{"pair_idx": 6, "rel_a": "circo_fish_toothbrush_holder_14995988/multiview-15-canon_t4i/images/155.jpg", "rel_b": "circo_fish_toothbrush_holder_14995988/multiview-15-canon_t4i/images/177.jpg", "T_wc_gt_a": [[-0.782946596856581, -0.04686571094176994, -0.6203210713885359, -0.7852841487696259], [-0.006210616067894505, -0.9965196417803186, 0.08312660100162174, -27.85642217733993], [-0.6220579191030011, 0.06893626537569376, 0.7799305972952313, 328.4742126464844], [0.0, 0.0, 0.0, 1.0]], "T_wc_gt_b": [[-0.8364818443407607, -0.0333905509356589, 0.5469764119196484, -6.972779273986816], [-0.4770920951073234, -0.4466775558863225, -0.7568766701738969, -6.388425350189209], [0.26959461581119226, -0.8940717153425861, 0.35770729787073274, 270.4761962890625], [0.0, 0.0, 0.0, 1.0]], "T_wc_pred_a": [[1.0, 0.0, 0.0, 0.0], [0.0, 1.0, 0.0, 0.0], [0.0, 0.0, 1.0, 0.0], [0.0, 0.0, 0.0, 1.0]], "T_wc_pred_b": [[0.31782290316721196, -0.00907431595918895, 0.948106670692828, -0.31646806872329813], [0.8725525244937515, 0.39406912047267456, -0.28872412488303517, 0.10066337125659819], [-0.3709995878999695, 0.9190360085871313, 0.13316200921541926, 0.26318208031673795], [0.0, 0.0, 0.0, 1.0]]}
{"pair_idx": 7, "rel_a": "dino_4/multiview-10-pixel_4xl/images/040.jpg", "rel_b": "dino_4/multiview-10-pixel_4xl/images/050.jpg", "T_wc_gt_a": [[0.9616325790218964, 0.02838017514683816, -0.2728687388147111, 27.97322082519531], [0.162928886537492, -0.8593079578752609, 0.48481337797538315, -18.8519287109375], [-0.22071919013839572, -0.5106705387927557, -0.8309624780420395, 164.6122283935547], [0.0, 0.0, 0.0, 1.0]], "T_wc_gt_b": [[0.5264181470645595, 0.09302309557445734, 0.845121670607766, -13.337188561987196], [-0.493378177470301, -0.7760982116246782, 0.3927461519977773, -20.03592539261882], [0.6924318799977369, -0.6237132911865213, -0.3626566171464103, 246.17237795426715], [0.0, 0.0, 0.0, 1.0]], "T_wc_pred_a": [[1.0, 0.0, 0.0, 0.0], [0.0, 1.0, 0.0, 0.0], [0.0, 0.0, 1.0, 0.0], [0.0, 0.0, 0.0, 1.0]], "T_wc_pred_b": [[0.2914042232641815, 0.4360855319434532, -0.8514182212599135, 0.3142328978981508], [-0.5879174234645086, 0.7837533564755185, 0.20020933894354875, -0.06664954405646895], [0.7546102847501175, 0.4422217600287831, 0.4847713204247879, 0.2478649711070901], [0.0, 0.0, 0.0, 1.0]]}
{"pair_idx": 8, "rel_a": "dino_5/multiview-12-pixel_7/images/040.jpg", "rel_b": "dino_5/multiview-12-pixel_7/images/042.jpg", "T_wc_gt_a": [[0.7964691585120315, 0.0426733227426184, -0.6031715071729108, -5.851195812225343], [0.4950850026044076, -0.6187302872683056, 0.6099702220707774, -19.988923310573306], [-0.34717102375533904, -0.7844436366897141, -0.5139265133476627, 221.7193756103516], [0.0, 0.0, 0.0, 1.0]], "T_wc_gt_b": [[-0.3741650196916704, -0.022822781536533138, -0.9270812578636607, -0.6811297535896301], [0.31545501996557146, -0.9432137340973696, -0.10409602388476373, -34.38269805908203], [-0.8720600142293262, -0.33140152753575547, 0.3601171463972733, 236.01422119140625], [0.0, 0.0, 0.0, 1.0]], "T_wc_pred_a": [[1.0, 0.0, 0.0, 0.0], [0.0, 1.0, 0.0, 0.0], [0.0, 0.0, 1.0, 0.0], [0.0, 0.0, 0.0, 1.0]], "T_wc_pred_b": [[0.22970100738372679, -0.7220721566418342, 0.6525712587982334, -0.3029409491419185], [0.19397087815487712, 0.6910125678695281, 0.6963310487650157, -0.320691872306909], [-0.9537362033784424, -0.033368123246164116, 0.2987872532694495, 0.3311364419989323], [0.0, 0.0, 0.0, 1.0]]}
{"pair_idx": 9, "rel_a": "duck_bath_yellow_s/multiview-00-pixel_4a/images/017.jpg", "rel_b": "duck_bath_yellow_s/multiview-00-pixel_4a/images/019.jpg", "T_wc_gt_a": [[0.9840755990443656, -1.8692205575043808e-08, -0.17775043000080948, 14.370821032906113], [0.13996679577307786, -0.6163984352822904, 0.7748950026052313, -0.7126583518836207], [-0.10956510140774998, -0.7874344220197282, -0.6065826568341415, 195.1389650056757], [0.0, 0.0, 0.0, 1.0]], "T_wc_gt_b": [[0.2395182243042615, 0.011883409839787973, 0.9708191411363464, -17.558735212820036], [-0.6352909406082083, -0.7542277385552167, 0.16596969354379554, 1.4431342380246113], [0.7341910112547493, -0.6565053716188948, -0.17310186604501254, 227.8964569044852], [0.0, 0.0, 0.0, 1.0]], "T_wc_pred_a": [[1.0, 0.0, 0.0, 0.0], [0.0, 1.0, 0.0, 0.0], [0.0, 0.0, 1.0, 0.0], [0.0, 0.0, 0.0, 1.0]], "T_wc_pred_b": [[0.11927346280553983, 0.7490962225134054, -0.6516353968950134, 0.2630695259176003], [-0.6496786526870645, 0.5551891274644225, 0.5193098121430153, -0.22010189249035025], [0.7507939060175544, 0.36141372713476133, 0.5528911543201469, 0.21474077011176054], [0.0, 0.0, 0.0, 1.0]]}
{"pair_idx": 10, "rel_a": "fire_engine_toy_red_yellow_s/multiview-00-pixel_4a/images/022.jpg", "rel_b": "fire_engine_toy_red_yellow_s/multiview-00-pixel_4a/images/024.jpg", "T_wc_gt_a": [[-0.9915119281186227, 0.0201536274814004, -0.1284442591081134, -8.744310325727612], [0.10554608300516735, -0.4521175757271938, -0.885691663097735, 0.5361657568712982], [-0.07592180688548948, -0.8917306370299869, 0.44615283280658014, 349.0524204565026], [0.0, 0.0, 0.0, 1.0]], "T_wc_gt_b": [[-0.4584509641692882, -0.048033573141134406, 0.8874206946558916, 21.4632299781214], [-0.42204282864916776, -0.8669926316226766, -0.26495967145547805, -9.485518151534531], [0.7821141631744428, -0.4960005570191236, 0.37720138281647375, 288.69972733543256], [0.0, 0.0, 0.0, 1.0]], "T_wc_pred_a": [[1.0, 0.0, 0.0, 0.0], [0.0, 1.0, 0.0, 0.0], [0.0, 0.0, 1.0, 0.0], [0.0, 0.0, 0.0, 1.0]], "T_wc_pred_b": [[0.34631656688833984, -0.8216635621968474, 0.4526961741131254, -0.18091999909158193], [0.46763465991505615, 0.5695321853008024, 0.6759814455683101, -0.3200105044316444], [-0.8132543638645928, -0.022407152083195814, 0.5814767916183043, 0.16183373509484955], [0.0, 0.0, 0.0, 1.0]]}
{"pair_idx": 11, "rel_a": "garbage_truck_green_toy_s/multiview-02-pixel_6pro/images/020.jpg", "rel_b": "garbage_truck_green_toy_s/multiview-02-pixel_6pro/images/023.jpg", "T_wc_gt_a": [[0.8649626810421409, -0.014216780836448423, -0.5016347710705866, -15.090641118899027], [0.38856598613614524, -0.6136056363669262, 0.6873896983784267, 17.66509109846498], [-0.31757839161762313, -0.7894846459313745, -0.5252218188691096, 284.2144020354791], [0.0, 0.0, 0.0, 1.0]], "T_wc_gt_b": [[0.7949832569358117, -0.013251988944650989, 0.606486608245178, -7.147264689401268], [-0.36616034958142807, -0.8075823652801379, 0.4623173387219486, -7.711075607534702], [0.48366126533570525, -0.5896058921665805, -0.6468668118989531, 246.8031741504769], [0.0, 0.0, 0.0, 1.0]], "T_wc_pred_a": [[1.0, 0.0, 0.0, 0.0], [0.0, 1.0, 0.0, 0.0], [0.0, 0.0, 1.0, 0.0], [0.0, 0.0, 0.0, 1.0]], "T_wc_pred_b": [[0.3334346386768925, 0.7402933081680708, -0.5837697830583425, 0.26976927959288916], [-0.4592584320747613, 0.668311096552817, 0.5851854157381258, -0.317806164630155], [0.8233486711586064, 0.07298010760436859, 0.5628240129875527, 0.18304627104474303], [0.0, 0.0, 0.0, 1.0]]}
{"pair_idx": 12, "rel_a": "hand_drill_cordless_blue_black/multiview-02-pixel_6pro/images/021.jpg", "rel_b": "hand_drill_cordless_blue_black/multiview-02-pixel_6pro/images/024.jpg", "T_wc_gt_a": [[-0.9457349435650941, 0.3248984709511436, 0.005138102133852615, 8.397551008966467], [0.20885276894774002, 0.6199034522469147, -0.7563730764610935, -28.878351602333822], [-0.24892958326159415, -0.7142553419232972, -0.6541203017115764, 273.20636831918125], [0.0, 0.0, 0.0, 1.0]], "T_wc_gt_b": [[0.5625484136908815, 0.8252086324483728, 0.05069511994816722, 8.756976709294015], [0.5574030316685789, -0.33326939497881725, -0.7604165770530851, -28.89673457901853], [-0.6106071916875448, 0.4560287527153737, -0.6474539629628584, 293.61395797470226], [0.0, 0.0, 0.0, 1.0]], "T_wc_pred_a": [[1.0, 0.0, 0.0, 0.0], [0.0, 1.0, 0.0, 0.0], [0.0, 0.0, 1.0, 0.0], [0.0, 0.0, 0.0, 1.0]], "T_wc_pred_b": [[-0.318522566414794, 0.5560272873274696, -0.7677089490371908, 0.3570612860585489], [-0.570214246492993, 0.5345808676889854, 0.6237619810451096, -0.27127543190711145], [0.7572311983674218, 0.6364408469356337, 0.14677861074043302, 0.387510173003271], [0.0, 0.0, 0.0, 1.0]]}
{"pair_idx": 13, "rel_a": "hut_mushrooms_showpiece/multiview-01-pixel_4a/images/018.jpg", "rel_b": "hut_mushrooms_showpiece/multiview-01-pixel_4a/images/019.jpg", "T_wc_gt_a": [[-0.941627832496267, -0.015904922789378384, 0.3362797325136402, 3.6860911502852254], [-0.23570396662804766, -0.6820682198688814, -0.6922619327687307, -3.9021191011190526], [0.24037609112427483, -0.7311155701227805, 0.6385055660993534, 215.5571723589088], [0.0, 0.0, 0.0, 1.0]], "T_wc_gt_b": [[0.5799779616422616, -0.030193912362520392, 0.8140724118071634, -5.008882667244247], [-0.6446730866073098, -0.6279328698370799, 0.4360010577766673, -9.996113602162383], [0.4980182480727904, -0.7776815792047624, -0.38365242857578163, 269.38440225075067], [0.0, 0.0, 0.0, 1.0]], "T_wc_pred_a": [[1.0, 0.0, 0.0, 0.0], [0.0, 1.0, 0.0, 0.0], [0.0, 0.0, 1.0, 0.0], [0.0, 0.0, 0.0, 1.0]], "T_wc_pred_b": [[-0.2558210162926057, -0.6778350585356393, 0.6892715292560733, -0.2980812167920777], [0.7647232377187584, 0.2942882960556963, 0.573230118275003, -0.26136183765588045], [-0.5914000146398019, 0.6737462669467059, 0.4430710896226704, 0.28131879033622337], [0.0, 0.0, 0.0, 1.0]]}
{"pair_idx": 14, "rel_a": "ice_cream_cart_showpiece/multiview-01-pixel_4a/images/016.jpg", "rel_b": "ice_cream_cart_showpiece/multiview-01-pixel_4a/images/018.jpg", "T_wc_gt_a": [[0.9716756590402402, -0.01427222862282257, 0.23588708552791263, -5.880990744429399], [-0.18924780628970675, -0.6448107392781364, 0.7405432994269252, -1.8505028569283488], [0.14153332273089794, -0.7642090119867213, -0.629247888002042, 303.4191291514219], [0.0, 0.0, 0.0, 1.0]], "T_wc_gt_b": [[-0.07918819759009921, 0.020989019407136655, 0.9966386960311939, 1.5880227719175792], [-0.7386572883465126, -0.6726090373506031, -0.04452519788695236, 10.073883561273972], [0.6694136536813458, -0.7397003068396162, 0.06876638951093361, 229.2084753006482], [0.0, 0.0, 0.0, 1.0]], "T_wc_pred_a": [[1.0, 0.0, 0.0, 0.0], [0.0, 1.0, 0.0, 0.0], [0.0, 0.0, 1.0, 0.0], [0.0, 0.0, 0.0, 1.0]], "T_wc_pred_b": [[0.12800390771462722, 0.6956453394725667, -0.7068893557551148, 0.3662368063148149], [-0.661764285464997, 0.5907888108309891, 0.46155889275357664, -0.22035422125839768], [0.7387036145117927, 0.40871278750120144, 0.5359765174335631, 0.18548562900535795], [0.0, 0.0, 0.0, 1.0]]}
{"pair_idx": 15, "rel_a": "keywest_showpiece_s/multiview-00-pixel_6pro/images/022.jpg", "rel_b": "keywest_showpiece_s/multiview-00-pixel_6pro/images/024.jpg", "T_wc_gt_a": [[0.13047772377865763, 0.06434341649584785, 0.9893611516282526, 5.40123467292056], [-0.7593494346376137, -0.6351225223922405, 0.14144899315885717, -7.204304282044883], [0.6374668616587664, -0.7697267737994826, -0.0340102041035244, 240.83222310979613], [0.0, 0.0, 0.0, 1.0]], "T_wc_gt_b": [[0.7816858994769276, -0.005577861067052339, 0.623647369933413, 30.81791018128689], [-0.24741083115892004, -0.9206849424809183, 0.3018726839483182, -12.560672270791368], [0.5724989390245182, -0.3902667346249556, -0.7210664606407482, 223.2905981545959], [0.0, 0.0, 0.0, 1.0]], "T_wc_pred_a": [[1.0, 0.0, 0.0, 0.0], [0.0, 1.0, 0.0, 0.0], [0.0, 0.0, 1.0, 0.0], [0.0, 0.0, 0.0, 1.0]], "T_wc_pred_b": [[0.7053377686169496, -0.5135204604937943, 0.48866693034898934, -0.12732856288032512], [0.23063275871926928, 0.8180951971197995, 0.5268100028046695, -0.1582609420270462], [-0.6703037839427745, -0.2588763896220704, 0.6954680813151964, 0.10584927172569104], [0.0, 0.0, 0.0, 1.0]]}
{"pair_idx": 16, "rel_a": "paper_weight_flowers_showpiece/multiview-01-pixel_4a/images/018.jpg", "rel_b": "paper_weight_flowers_showpiece/multiview-01-pixel_4a/images/019.jpg", "T_wc_gt_a": [[-0.13492696952120187, -0.028207818156087472, 0.9904539524332757, -17.65842274258766], [-0.8125698631294325, -0.5688828100797547, -0.12689588618066822, 3.3923938120028847], [0.5670316837969814, -0.8219347099317773, 0.05383681063849477, 235.05033285154312], [0.0, 0.0, 0.0, 1.0]], "T_wc_gt_b": [[0.9925669940229191, -0.03083169192276355, -0.11772921960790428, 2.0315058615585992], [0.08130200348326802, -0.5518469069719614, 0.8299728763610813, 9.919231355818493], [-0.0905579737290595, -0.8333753044329187, -0.5452383472899056, 213.4064064036029], [0.0, 0.0, 0.0, 1.0]], "T_wc_pred_a": [[1.0, 0.0, 0.0, 0.0], [0.0, 1.0, 0.0, 0.0], [0.0, 0.0, 1.0, 0.0], [0.0, 0.0, 0.0, 1.0]], "T_wc_pred_b": [[-0.22355874723197344, -0.7639389359555107, 0.6053253576938874, -0.3025501430677018], [0.8203800826916373, 0.1878668728884599, 0.540076437177159, -0.22094190260547045], [-0.5263060007818013, 0.6173356787050897, 0.5847210047012101, 0.15650287986406816], [0.0, 0.0, 0.0, 1.0]]}
{"pair_idx": 17, "rel_a": "pumpkin_showpiece_s/multiview-02-pixel_6pro/images/015.jpg", "rel_b": "pumpkin_showpiece_s/multiview-02-pixel_6pro/images/018.jpg", "T_wc_gt_a": [[0.5406727483361513, 0.0501944319152427, -0.8397341830670816, -0.4064085250662025], [0.6032211751586798, -0.7188945903042763, 0.34541971841721575, -14.386788869731642], [-0.5863422149622303, -0.6933044692167744, -0.4189650581101396, 204.8735145480494], [0.0, 0.0, 0.0, 1.0]], "T_wc_gt_b": [[0.9493362398194859, -0.0776836619434204, 0.30450936345613416, -8.878851665168002], [-0.250452438321736, -0.7723156402531943, 0.5837826033370608, 0.4367809914287365], [0.18982697359463072, -0.6304710940934242, -0.7526432884232372, 184.74643084004987], [0.0, 0.0, 0.0, 1.0]], "T_wc_pred_a": [[1.0, 0.0, 0.0, 0.0], [0.0, 1.0, 0.0, 0.0], [0.0, 0.0, 1.0, 0.0], [0.0, 0.0, 0.0, 1.0]], "T_wc_pred_b": [[0.2542775251277739, 0.6953224673475934, -0.6722124713336918, 0.3461267560313081], [-0.6775101271062299, 0.6240730234081623, 0.3892465659741853, -0.17856041502879097], [0.6901615520176382, 0.3564541034352817, 0.6297757571237198, 0.15335726219363105], [0.0, 0.0, 0.0, 1.0]]}
{"pair_idx": 18, "rel_a": "remote_control_toy_car_s/multiview-04-pixel_6pro/images/022.jpg", "rel_b": "remote_control_toy_car_s/multiview-04-pixel_6pro/images/024.jpg", "T_wc_gt_a": [[0.9860831150322626, -0.04857800051039863, -0.15899769845718262, 12.266679973648596], [0.07931660318755113, -0.7030435865655988, 0.7067096941798433, -13.027835793800731], [-0.14611285606358534, -0.7094856540166198, -0.6894063678539322, 232.5575952379514], [0.0, 0.0, 0.0, 1.0]], "T_wc_gt_b": [[0.16525188412212632, 0.010665860582794895, 0.9861937204282512, 19.934599025584426], [-0.533954458686857, -0.8397497755187617, 0.09855430261847908, -12.994620854552055], [0.8292071217991996, -0.5428688183476904, -0.13307514878169235, 286.92408587701595], [0.0, 0.0, 0.0, 1.0]], "T_wc_pred_a": [[1.0, 0.0, 0.0, 0.0], [0.0, 1.0, 0.0, 0.0], [0.0, 0.0, 1.0, 0.0], [0.0, 0.0, 0.0, 1.0]], "T_wc_pred_b": [[0.04527404468611469, 0.6775690212508386, -0.7340643584311528, 0.2759891489030755], [-0.5142386890200583, 0.645789009282428, 0.5643714434704785, -0.18843992298815365], [0.8564513013550108, 0.3519329153847369, 0.37766968567268927, 0.2405902204699229], [0.0, 0.0, 0.0, 1.0]]}
{"pair_idx": 19, "rel_a": "schleich_african_black_rhino/multiview-10-ipad_5/images/033.jpg", "rel_b": "schleich_african_black_rhino/multiview-10-ipad_5/images/034.jpg", "T_wc_gt_a": [[0.942302789222797, 0.00159865818902441, -0.3347579688594907, -14.55886173248291], [0.20934043796500812, -0.7831563308042311, 0.585527747040115, -68.65266418457031], [-0.26123176387176905, -0.621822809016563, -0.7383050587197653, 308.4138488769531], [0.0, 0.0, 0.0, 1.0]], "T_wc_gt_b": [[0.25890041579709333, -0.03191359313737127, -0.9653766608288988, 12.55494499206543], [0.4106585631122279, -0.9009897450275439, 0.13991791843006426, -26.168989181518555], [-0.8742597550171761, -0.4326649996570836, -0.22016102931500714, 243.562072012548], [0.0, 0.0, 0.0, 1.0]], "T_wc_pred_a": [[1.0, 0.0, 0.0, 0.0], [0.0, 1.0, 0.0, 0.0], [0.0, 0.0, 1.0, 0.0], [0.0, 0.0, 0.0, 1.0]], "T_wc_pred_b": [[0.5413224562667696, -0.493517986607416, 0.6807422384693588, -0.159822960133178], [0.24297958138576056, 0.8668971727727703, 0.43525879068455114, -0.07101907979477819], [-0.8049415639479126, -0.07020889355017465, 0.5891857006882879, 0.03843854292234176], [0.0, 0.0, 0.0, 1.0]]}
{"pair_idx": 20, "rel_a": "schleich_bald_eagle/multiview-11-pixel_7/images/043.jpg", "rel_b": "schleich_bald_eagle/multiview-11-pixel_7/images/045.jpg", "T_wc_gt_a": [[-0.9723853930013828, 0.059899606270362886, -0.225563039184617, 2.39585547397798], [0.08239522126148643, -0.8161513990694584, -0.5719334937824815, -1.0325723309858044], [-0.218352181099288, -0.5747250916443624, 0.7886782576206619, 161.373291015625], [0.0, 0.0, 0.0, 1.0]], "T_wc_gt_b": [[-0.13753372065158764, 0.06212602637507331, -0.9885468286988608, 8.341555138919064], [0.4607029557132342, -0.8794907179285092, -0.11936860422525311, -20.19291114807129], [-0.876833657132766, -0.47184365411059526, 0.09233798673752924, 158.2371368408203], [0.0, 0.0, 0.0, 1.0]], "T_wc_pred_a": [[1.0, 0.0, 0.0, 0.0], [0.0, 1.0, 0.0, 0.0], [0.0, 0.0, 1.0, 0.0], [0.0, 0.0, 0.0, 1.0]], "T_wc_pred_b": [[0.317881066406001, 0.491060437521088, -0.8110556542692875, 0.32843182378792535], [-0.4805976860874592, 0.8208401885695975, 0.30862153028654343, -0.14809571651397435], [0.8172988998817778, 0.29168652956663127, 0.49693206449313637, 0.20423473011418442], [0.0, 0.0, 0.0, 1.0]]}
{"pair_idx": 21, "rel_a": "schleich_hereford_bull/multiview-04-pixel_4xl/images/034.jpg", "rel_b": "schleich_hereford_bull/multiview-04-pixel_4xl/images/038.jpg", "T_wc_gt_a": [[-0.04413863113629257, 0.049740365102187434, -0.9977863886227931, 16.422813415527347], [0.6004181912696951, -0.7969340467933206, -0.06628816375529945, 8.421316146850586], [-0.7984671419875977, -0.6020149675391157, 0.005310557883613676, 214.7700042724609], [0.0, 0.0, 0.0, 1.0]], "T_wc_gt_b": [[0.9803274464788461, 0.06176911387603548, -0.18746379450772518, 24.66069793701172], [0.0887271582869848, -0.9863089514972523, 0.1390041135316048, -32.285120027370446], [-0.1763110576866397, -0.15290267743685948, -0.972386333804655, 236.8640735664412], [0.0, 0.0, 0.0, 1.0]], "T_wc_pred_a": [[1.0, 0.0, 0.0, 0.0], [0.0, 1.0, 0.0, 0.0], [0.0, 0.0, 1.0, 0.0], [0.0, 0.0, 0.0, 1.0]], "T_wc_pred_b": [[0.1061625993960967, 0.5601669667144865, -0.8215488250197639, 0.2840694167635365], [-0.13405640809043612, 0.8267379171265212, 0.5463820054093951, -0.21917810884969322], [0.9852707150521395, 0.05212855059555404, 0.16286261779012542, 0.25816007466790997], [0.0, 0.0, 0.0, 1.0]]}
{"pair_idx": 22, "rel_a": "schleich_lion_action_figure/multiview-08-ipad_5/images/031.jpg", "rel_b": "schleich_lion_action_figure/multiview-08-ipad_5/images/034.jpg", "T_wc_gt_a": [[0.9615594301278034, 0.032720018969543664, 0.2726405375048376, -37.13082885742188], [-0.15212871322866608, -0.7631045057443282, 0.6281149320976976, -72.43251700013674], [0.2286051551117873, -0.6454462903072088, -0.7287926792888211, 429.4798682356037], [0.0, 0.0, 0.0, 1.0]], "T_wc_gt_b": [[0.38294225191956643, 0.01337537463602817, -0.9236754468145818, 35.8841552734375], [0.7725240609506145, -0.5528955511285312, 0.31227085165709745, -71.36619567871094], [-0.5065193056016153, -0.8331432103159838, -0.2220598661560298, 343.7815856933594], [0.0, 0.0, 0.0, 1.0]], "T_wc_pred_a": [[1.0, 0.0, 0.0, 0.0], [0.0, 1.0, 0.0, 0.0], [0.0, 0.0, 1.0, 0.0], [0.0, 0.0, 0.0, 1.0]], "T_wc_pred_b": [[0.11415929755422705, -0.6204656148908116, 0.7758801940506609, -0.3775578474776721], [0.7676258201605041, 0.5508595274551227, 0.3275734745592686, -0.1598368922286153], [-0.6306490743708724, 0.5581901125513467, 0.5391711632172816, 0.18918165487273733], [0.0, 0.0, 0.0, 1.0]]}
{"pair_idx": 23, "rel_a": "schleich_spinosaurus_action_figure/multiview-10-canon_t4i/images/044.jpg", "rel_b": "schleich_spinosaurus_action_figure/multiview-10-canon_t4i/images/051.jpg", "T_wc_gt_a": [[-0.9580556444014754, -0.12558987084581538, -0.2575976835520938, -6.162860612528252], [0.13362651407846807, -0.9909348415260071, -0.013859819084816278, 12.079790115356444], [-0.2535218668393522, -0.047700358392346154, 0.9661528548027644, 715.5947265625], [0.0, 0.0, 0.0, 1.0]], "T_wc_gt_b": [[0.14558506055931553, -0.019545176635566278, -0.9891526556665685, -18.425301696378085], [0.21370087016475553, -0.975581068477025, 0.05072984249978828, 34.250477105435984], [-0.9659901284344302, -0.2187682904342207, -0.13785320768020526, 648.1860127559908], [0.0, 0.0, 0.0, 1.0]], "T_wc_pred_a": [[1.0, 0.0, 0.0, 0.0], [0.0, 1.0, 0.0, 0.0], [0.0, 0.0, 1.0, 0.0], [0.0, 0.0, 0.0, 1.0]], "T_wc_pred_b": [[0.29594230374574504, -0.033303042963271384, -0.9546250888087157, 0.4234846059913376], [-0.029884237239350735, 0.9985800161968199, -0.044100834651749715, 0.03889199728829501], [0.9547382286356212, 0.04157954523254479, 0.29452683443104366, 0.2946724456348203], [0.0, 0.0, 0.0, 1.0]]}
{"pair_idx": 24, "rel_a": "school_bus/multiview-10-pixel_5/images/030.jpg", "rel_b": "school_bus/multiview-10-pixel_5/images/031.jpg", "T_wc_gt_a": [[0.957487232033936, -0.002927776519483699, -0.2884607921653192, 5.8487528472395445], [0.08772800466777876, -0.9496329919010864, 0.3008338044336131, -15.332509001046956], [-0.2748126592589973, -0.3133506164309289, -0.9090046168713091, 238.85610859728507], [0.0, 0.0, 0.0, 1.0]], "T_wc_gt_b": [[0.7936002610346249, -0.02261330818095489, 0.6080191312605948, -15.032340049743652], [-0.13940005224137939, -0.9794854578457586, 0.14551928842523149, -6.421639919281006], [0.592255224646331, -0.2002420439413216, -0.7804722113677884, 219.45632934570312], [0.0, 0.0, 0.0, 1.0]], "T_wc_pred_a": [[1.0, 0.0, 0.0, 0.0], [0.0, 1.0, 0.0, 0.0], [0.0, 0.0, 1.0, 0.0], [0.0, 0.0, 0.0, 1.0]], "T_wc_pred_b": [[0.5600567829515579, 0.24278488441660634, -0.7920807406879466, 0.34494440805196014], [-0.14152686355062247, 0.9700788057083453, 0.19727457415742725, -0.07618666986800063], [0.816276023636291, 0.0016157395476718351, 0.577659798343488, 0.14684922753614757], [0.0, 0.0, 0.0, 1.0]]}
{"pair_idx": 25, "rel_a": "soldier_wood_showpiece/multiview-02-pixel_6pro/images/021.jpg", "rel_b": "soldier_wood_showpiece/multiview-02-pixel_6pro/images/022.jpg", "T_wc_gt_a": [[0.9833200409377314, -0.039469262027188874, -0.17754963938360255, 14.39813645444746], [0.1050916512552045, -0.6734407910555125, 0.7317330426999865, 26.86033290250638], [-0.1484501327943922, -0.7381867502858305, -0.6580599363095831, 301.706503629829], [0.0, 0.0, 0.0, 1.0]], "T_wc_gt_b": [[0.6592135206756284, 0.00025226095111863245, 0.751955763674204, -4.312587569135902], [-0.37918888231824743, -0.8634343756924507, 0.3327113920484625, 21.89102615555447], [0.6493483854485826, -0.5044611137015419, -0.5690919601244764, 236.2155262445364], [0.0, 0.0, 0.0, 1.0]], "T_wc_pred_a": [[1.0, 0.0, 0.0, 0.0], [0.0, 1.0, 0.0, 0.0], [0.0, 0.0, 1.0, 0.0], [0.0, 0.0, 0.0, 1.0]], "T_wc_pred_b": [[0.5203995181166797, 0.6259011998762392, -0.5808889993255262, 0.16916972459224444], [-0.4055551050363873, 0.779800611877193, 0.4769025712814724, -0.15146125498788982], [0.7514714886959125, -0.012597369147537984, 0.6596452895061933, 0.034041573221408224], [0.0, 0.0, 0.0, 1.0]]}
{"pair_idx": 26, "rel_a": "steps_small_showpiece/multiview-04-pixel_6pro/images/017.jpg", "rel_b": "steps_small_showpiece/multiview-04-pixel_6pro/images/019.jpg", "T_wc_gt_a": [[-0.5732404146185375, -0.06440958131367835, -0.8168517814652567, 5.569656964536375], [0.802071385616981, -0.247972025300627, -0.5433151636414734, 4.955026386099892], [-0.16756168840884506, -0.9666236498779147, 0.19380866872840175, 157.67148286558208], [0.0, 0.0, 0.0, 1.0]], "T_wc_gt_b": [[-0.9640612331298937, 0.07441154182469745, -0.25504678241322665, 10.676544709691596], [0.16302913816717884, -0.5923037929692991, -0.7890486150692162, 7.06710620353265], [-0.20977950062991235, -0.8022712379722039, 0.5588858755041247, 167.30321920056474], [0.0, 0.0, 0.0, 1.0]], "T_wc_pred_a": [[1.0, 0.0, 0.0, 0.0], [0.0, 1.0, 0.0, 0.0], [0.0, 0.0, 1.0, 0.0], [0.0, 0.0, 0.0, 1.0]], "T_wc_pred_b": [[0.765020027041098, -0.6438085759447248, 0.01596482903331432, 0.011116173457806916], [0.5848887810083163, 0.7049554317787388, 0.40117695977742507, -0.224337479547385], [-0.26953566012059205, -0.29757075922488974, 0.9158614366691499, 0.07531035682176057], [0.0, 0.0, 0.0, 1.0]]}
{"pair_idx": 27, "rel_a": "tractor_green_showpiece/multiview-03-pixel_6pro/images/018.jpg", "rel_b": "tractor_green_showpiece/multiview-03-pixel_6pro/images/019.jpg", "T_wc_gt_a": [[0.470785041723211, -0.08725799642976673, 0.8779222554125947, -9.108236597005725], [-0.721418893875894, -0.6108890834315992, 0.32614307796269804, -12.83218199935644], [0.50785453040074, -0.7868929849751894, -0.35054700989778853, 239.75825368185176], [0.0, 0.0, 0.0, 1.0]], "T_wc_gt_b": [[-0.8210495686613619, -0.018564893046255, 0.5705549496298955, -5.13022511540829], [-0.4708117221128354, -0.5431829130042456, -0.6951896470326413, -4.798522259365598], [0.32282182101298196, -0.8394091182292478, 0.43723952716041004, 238.05789345819483], [0.0, 0.0, 0.0, 1.0]], "T_wc_pred_a": [[1.0, 0.0, 0.0, 0.0], [0.0, 1.0, 0.0, 0.0], [0.0, 0.0, 1.0, 0.0], [0.0, 0.0, 0.0, 1.0]], "T_wc_pred_b": [[0.10303158125984203, 0.7529189880360652, -0.6499980697800907, 0.2774078603210152], [-0.7447763932756974, 0.4915452865954062, 0.4513217868052491, -0.19606948098367238], [0.6593122304965526, 0.437602820695419, 0.6114009764770364, 0.1595227534480058], [0.0, 0.0, 0.0, 1.0]]}
{"pair_idx": 28, "rel_a": "tumbler_air_balloon/multiview-00-pixel_4a/images/015.jpg", "rel_b": "tumbler_air_balloon/multiview-00-pixel_4a/images/016.jpg", "T_wc_gt_a": [[0.9868457314615741, 0.010103889778090305, -0.16134873320675053, 11.014058319759432], [0.07068246970675725, -0.9245643294591286, 0.3744125921599669, 13.83714418315158], [-0.1453942597636657, -0.38089199532563633, -0.9131165298715336, 239.6193301986844], [0.0, 0.0, 0.0, 1.0]], "T_wc_gt_b": [[0.264549787923432, -6.95243747017571e-08, -0.9643720286848133, -11.69375256708128], [0.8221319254378294, -0.5227191386644368, 0.22553004068149496, 9.775143492869825], [-0.5040957318660361, -0.8525049572136837, -0.13828518011898772, 300.3877016657585], [0.0, 0.0, 0.0, 1.0]], "T_wc_pred_a": [[1.0, 0.0, 0.0, 0.0], [0.0, 1.0, 0.0, 0.0], [0.0, 0.0, 1.0, 0.0], [0.0, 0.0, 0.0, 1.0]], "T_wc_pred_b": [[0.41963653398679873, -0.3093668154669401, 0.853344803014227, -0.2780179705287064], [0.7728608604238352, 0.614803588565883, -0.15717072854523867, 0.03699886613654148], [-0.476016039402534, 0.7254713784666881, 0.49709155017679446, 0.19659990218345794], [0.0, 0.0, 0.0, 1.0]]}
{"pair_idx": 29, "rel_a": "water_gun_toy_green/multiview-00-pixel_4a/images/011.jpg", "rel_b": "water_gun_toy_green/multiview-00-pixel_4a/images/012.jpg", "T_wc_gt_a": [[-0.8907567820558737, 0.361916953295822, 0.27489720649459976, -9.515240503759824], [-0.03506901990597178, -0.6577916934629662, 0.7523830486221482, -4.528608648695959], [0.45312527965707167, 0.6605499276573975, 0.5986244849715951, 266.79323319628213], [0.0, 0.0, 0.0, 1.0]], "T_wc_gt_b": [[-0.6005952729834547, -0.795688015558713, 0.07852324475062508, 52.74291022106743], [0.7201098610968074, -0.495627241010417, 0.48558771187040817, -34.943184706048605], [-0.3474580636869231, 0.3481870472384623, 0.8706541644730673, 280.82334604709183], [0.0, 0.0, 0.0, 1.0]], "T_wc_pred_a": [[1.0, 0.0, 0.0, 0.0], [0.0, 1.0, 0.0, 0.0], [0.0, 0.0, 1.0, 0.0], [0.0, 0.0, 0.0, 1.0]], "T_wc_pred_b": [[0.1946695643159065, 0.5763914687752439, -0.7936476771541469, 0.43169768054799607], [-0.6340429717941998, 0.6913020927227058, 0.34654137778278005, -0.20430013341668452], [0.7483937938327894, 0.4357456727499707, 0.5000324369800825, 0.25376136028942725], [0.0, 0.0, 0.0, 1.0]]}
{"pair_idx": 30, "rel_a": "water_gun_toy_white/multiview-02-pixel_6pro/images/016.jpg", "rel_b": "water_gun_toy_white/multiview-02-pixel_6pro/images/019.jpg", "T_wc_gt_a": [[0.9408729045524971, 0.3380781791829578, -0.021478413332547144, 39.88277300232821], [-0.2476953807283586, 0.7298185203223744, 0.6371906510302026, -10.357944226026], [0.23109559892992632, -0.5941953148206369, 0.770406874320591, 284.404399272462], [0.0, 0.0, 0.0, 1.0]], "T_wc_gt_b": [[-0.9076755690045046, -0.41966639885429285, 0.0022748857154646085, 1.6427887380830428], [0.2654786076259977, -0.5699753760567194, 0.7775919106973546, -13.802872912994095], [-0.3250325680994297, 0.7064051134877711, 0.6287651750160936, 254.47208796094412], [0.0, 0.0, 0.0, 1.0]], "T_wc_pred_a": [[1.0, 0.0, 0.0, 0.0], [0.0, 1.0, 0.0, 0.0], [0.0, 0.0, 1.0, 0.0], [0.0, 0.0, 0.0, 1.0]], "T_wc_pred_b": [[-0.998039144723533, -0.05048698920706754, 0.03699904755969409, 0.036229006509001564], [0.029105454416146814, 0.1489864158438109, 0.988410805493973, -0.48739909444886875], [-0.055414241154676795, 0.9875495490428927, -0.14722482828120706, 0.5416482151024569], [0.0, 0.0, 0.0, 1.0]]}
{"pair_idx": 31, "rel_a": "water_gun_toy_yellow/multiview-00-pixel_4a/images/014.jpg", "rel_b": "water_gun_toy_yellow/multiview-00-pixel_4a/images/015.jpg", "T_wc_gt_a": [[0.9663999848895664, 0.02248707738137473, 0.2560574165227205, -3.4336261710465603], [-0.24166883562754243, 0.4188358453521396, 0.8753129203516801, 31.766234816760697], [-0.08756279513511325, -0.9077834907063482, 0.41019738042693976, 318.0972020362989], [0.0, 0.0, 0.0, 1.0]], "T_wc_gt_b": [[-0.8581895272265696, -0.4596834847573431, -0.22847719623625914, 7.454772912203065], [0.27933610535316133, -0.7916055658505705, 0.5434445402803537, -9.117591107124069], [-0.4306763002589812, 0.40255648293841073, 0.8077538006345082, 338.7779334214793], [0.0, 0.0, 0.0, 1.0]], "T_wc_pred_a": [[1.0, 0.0, 0.0, 0.0], [0.0, 1.0, 0.0, 0.0], [0.0, 0.0, 1.0, 0.0], [0.0, 0.0, 0.0, 1.0]], "T_wc_pred_b": [[-0.8975187364148439, -0.18929427159208456, 0.3982810521814022, -0.16162414970939776], [0.36804277291649734, 0.17596023136459787, 0.9130074010006999, -0.41731893716926494], [-0.2429086970205847, 0.9660257117284919, -0.08825921589965836, 0.4501738445816588], [0.0, 0.0, 0.0, 1.0]]}
{"pair_idx": 32, "rel_a": "weisshai_great_white_shark/multiview-07-pixel_5/images/054.jpg", "rel_b": "weisshai_great_white_shark/multiview-07-pixel_5/images/055.jpg", "T_wc_gt_a": [[-0.8073558645494385, 0.33278509929572353, -0.4872684944302923, -35.84021377563477], [-0.29738923821173713, -0.942724159815086, -0.15109864161130926, -11.66692066192627], [-0.5096431584682277, 0.022918031932860336, 0.8600805862469245, 228.44384765625], [0.0, 0.0, 0.0, 1.0]], "T_wc_gt_b": [[-0.8742493720934283, 0.2611769097913875, 0.4092366762474592, 19.118221654679967], [-0.45540914623248296, -0.733249105927748, -0.5049240122869569, -37.18131477721422], [0.16819793376271674, -0.6277996260336411, 0.7599849239491354, 210.88839721679688], [0.0, 0.0, 0.0, 1.0]], "T_wc_pred_a": [[1.0, 0.0, 0.0, 0.0], [0.0, 1.0, 0.0, 0.0], [0.0, 0.0, 1.0, 0.0], [0.0, 0.0, 0.0, 1.0]], "T_wc_pred_b": [[0.572120021276878, -0.04655320457981409, 0.8188476539610371, -0.01773095089604016], [0.3814868015981566, 0.8989190507651341, -0.21543528118188604, 0.023126752545533733], [-0.7260485531013426, 0.4356344101593214, 0.5320490195692376, 0.04496700388763651], [0.0, 0.0, 0.0, 1.0]]}
{"pair_idx": 33, "rel_a": "welcome_sign_mushrooms/multiview-04-pixel_6pro/images/016.jpg", "rel_b": "welcome_sign_mushrooms/multiview-04-pixel_6pro/images/017.jpg", "T_wc_gt_a": [[-0.9940029703026789, 0.003916726438382562, 0.10928290938412147, 3.651145377133487], [-0.04359548042064855, -0.9307007633583231, -0.363174232526383, -1.157527291880616], [0.10028723306754492, -0.36576050680498756, 0.9252900748119016, 150.12117103354618], [0.0, 0.0, 0.0, 1.0]], "T_wc_gt_b": [[-0.4769816866739929, 0.04395758872505656, 0.877813306444549, -11.385710872874732], [-0.3970553411567184, -0.9018013875885074, -0.17059107069939097, -6.076844747799611], [0.7841144856693791, -0.4299092784959653, 0.44759634228456735, 131.64931943226082], [0.0, 0.0, 0.0, 1.0]], "T_wc_pred_a": [[1.0, 0.0, 0.0, 0.0], [0.0, 1.0, 0.0, 0.0], [0.0, 0.0, 1.0, 0.0], [0.0, 0.0, 0.0, 1.0]], "T_wc_pred_b": [[0.544979768177136, -0.35505380313754437, 0.7595616164309263, -0.3571735036260821], [0.38790205700923996, 0.9099007419356121, 0.14701236000086512, -0.07208853118288022], [-0.7433229758628451, 0.21451675156637456, 0.6336035959902805, 0.12435012259735809], [0.0, 0.0, 0.0, 1.0]]}
{"pair_idx": 34, "rel_a": "well_with_leaf_roof_showpiece/multiview-01-pixel_4a/images/016.jpg", "rel_b": "well_with_leaf_roof_showpiece/multiview-01-pixel_4a/images/018.jpg", "T_wc_gt_a": [[0.9962911554147209, -0.07717803067303264, 0.03804583057094216, -12.847286683507129], [-0.07878799960758051, -0.6404961271566552, 0.7639091321715965, 8.606496776890467], [-0.034588795299002495, -0.76407346680719, -0.6442013292139386, 204.28317409183632], [0.0, 0.0, 0.0, 1.0]], "T_wc_gt_b": [[0.36257978690963977, -0.033404171675260885, 0.9313538851796614, -4.9987913878689785], [-0.7470580307864388, -0.6078874408344925, 0.2690300316194821, 4.497332480218005], [0.5571716044111081, -0.7933202509645025, -0.24536255347458913, 241.10082422111265], [0.0, 0.0, 0.0, 1.0]], "T_wc_pred_a": [[1.0, 0.0, 0.0, 0.0], [0.0, 1.0, 0.0, 0.0], [0.0, 0.0, 1.0, 0.0], [0.0, 0.0, 0.0, 1.0]], "T_wc_pred_b": [[0.4246557010049882, 0.7220066422451797, -0.5462361615252177, 0.20303048493231104], [-0.6851883263815733, 0.6506595083702998, 0.32735173981168747, -0.15390017925493465], [0.5917638828066318, 0.23526285877962397, 0.7710167924789044, 0.1415438160482344], [0.0, 0.0, 0.0, 1.0]]}
