{"pair_idx": 0, "rel_a": "3d_dollhouse_sink/multiview-07-pixel_7/images/032.jpg", "rel_b": "3d_dollhouse_sink/multiview-07-pixel_7/images/033.jpg", "T_wc_gt_a": [[-0.6768705479181374, 0.01592109460600004, 0.7359298744496974, -20.170751571655277], [-0.19345609008822362, -0.9684690440398, -0.15697914493464807, -9.893038385691549], [0.7102260221709549, -0.2486246759337917, 0.6586082051933755, 206.66683959960935], [0.0, 0.0, 0.0, 1.0]], "T_wc_gt_b": [[-0.9492751296481883, -0.09002080403416403, -0.3012855507196748, 19.07435607910156], [0.06711796091146723, -0.9940709867350856, 0.08554561738990497, -42.10436881210618], [-0.307200109951969, 0.06098465522224335, 0.9496888776188348, 212.37138106652387], [0.0, 0.0, 0.0, 1.0]], "T_wc_pred_a": [[1.0, 9.1552734375e-05, -1.990795135498047e-05, -2.2172927856445312e-05], [-9.1552734375e-05, 1.0, -5.412101745605469e-05, 9.238719940185547e-06], [1.990795135498047e-05, 5.412101745605469e-05, 1.0, -7.76052474975586e-05], [0.0, 0.0, 0.0, 1.0]], "T_wc_pred_b": [[0.41453760862350464, 0.3131882846355438, -0.8543269634246826, 1.0029296875], [0.005723114125430584, 0.9380807876586914, 0.34630927443504333, -0.50390625], [0.9098533391952515, -0.14843565225601196, 0.3867744207382202, 0.70458984375], [0.0, 0.0, 0.0, 1.0]]}
{"pair_idx": 1, "rel_a": "bottle_vitamin_d_tablets/multiview-04-pixel_6pro/images/020.jpg", "rel_b": "bottle_vitamin_d_tablets/multiview-04-pixel_6pro/images/021.jpg", "T_wc_gt_a": [[0.43258228207658067, -0.03366513706201529, -0.90096571953655, 21.32491612814271], [0.33385185899470105, -0.922287123102266, 0.1947547144629046, -2.256671521002581], [-0.8375055256409952, -0.3850365191853118, -0.3877258998499573, 209.32240675304385], [0.0, 0.0, 0.0, 1.0]], "T_wc_gt_b": [[-0.6769728439300291, 0.11299420230327856, -0.7272826677620842, 3.7211718489494574], [0.3120138472081851, -0.8509001125778988, -0.42263028472326347, 3.525776809205788], [-0.6665996757662246, -0.5130314889563459, 0.5407805133393762, 216.71548864000584], [0.0, 0.0, 0.0, 1.0]], "T_wc_pred_a": [[1.0, 7.450580596923828e-05, -0.00026607513427734375, 7.200241088867188e-05], [-7.450580596923828e-05, 1.0, 3.707408905029297e-05, -2.1457672119140625e-05], [0.00026607513427734375, -3.707408905029297e-05, 1.0, -6.473064422607422e-05], [0.0, 0.0, 0.0, 1.0]], "T_wc_pred_b": [[0.4260040521621704, -0.4478537142276764, 0.785699725151062, -0.7822265625], [0.5221700668334961, 0.8313214778900146, 0.19068008661270142, -0.2042236328125], [-0.7387630939483643, 0.3290453553199768, 0.5880821347236633, 0.5126953125], [0.0, 0.0, 0.0, 1.0]]}
{"pair_idx": 2, "rel_a": "box_multi_door_colored/multiview-04-pixel_6pro/images/019.jpg", "rel_b": "box_multi_door_colored/multiview-04-pixel_6pro/images/021.jpg", "T_wc_gt_a": [[-0.44257368065208036, -0.01044712887039248, -0.8966712857521622, 18.41461769157941], [0.45293941444064745, -0.8656065850002148, -0.21347394888001883, -16.016875426826456], [-0.7739343796732598, -0.5006157183934908, 0.38782660875336483, 277.0978030265149], [0.0, 0.0, 0.0, 1.0]], "T_wc_gt_b": [[-0.965057214559095, 0.13757520697697184, 0.22301936026427094, -27.20900972180695], [-0.26191500967837683, -0.5326377666089341, -0.8047965813092289, 1.7053154776509925], [0.00806847771373799, -0.8350868649470485, 0.5500589310794733, 280.20749681584493], [0.0, 0.0, 0.0, 1.0]], "T_wc_pred_a": [[1.0, 0.0001577138900756836, -0.000247955322265625, 0.00011372566223144531], [-0.0001577138900756836, 1.0, -4.291534423828125e-06, -4.076957702636719e-05], [0.000247955322265625, 4.291534423828125e-06, 1.0, -2.1457672119140625e-05], [0.0, 0.0, 0.0, 1.0]], "T_wc_pred_b": [[0.1800892949104309, -0.5674799680709839, 0.8037669062614441, -0.82666015625], [0.8492631316184998, 0.5014982223510742, 0.16339509189128876, -0.1590576171875], [-0.49556654691696167, 0.6530911922454834, 0.5724332332611084, 0.453857421875], [0.0, 0.0, 0.0, 1.0]]}
{"pair_idx": 3, "rel_a": "bunny_racer/multiview-07-ipad_4/images/016.jpg", "rel_b": "bunny_racer/multiview-07-ipad_4/images/018.jpg", "T_wc_gt_a": [[-0.6046363292602797, -0.011634882286577913, 0.7964166866991375, 5.650735378265381], [-0.14169143006489673, -0.9823738070672672, -0.1219230980344915, -20.678430557250977], [0.7837974534181767, -0.18656455371356376, 0.5923303295567767, 203.25067138671875], [0.0, 0.0, 0.0, 1.0]], "T_wc_gt_b": [[0.10412813218845163, -0.19060005476977193, 0.9761295770586527, -35.326847076416016], [-0.8851211095968365, -0.46534715902932344, 0.0035556897224650608, -2.570268784181404], [0.45356141087289287, -0.8643631416858875, -0.21715986245596408, 197.0231170654297], [0.0, 0.0, 0.0, 1.0]], "T_wc_pred_a": [[1.0, 7.069110870361328e-05, -7.49826431274414e-05, 7.528066635131836e-05], [-7.069110870361328e-05, 1.0, 1.5854835510253906e-05, -7.426738739013672e-05], [7.49826431274414e-05, -1.5854835510253906e-05, 1.0, 4.1544437408447266e-05], [0.0, 0.0, 0.0, 1.0]], "T_wc_pred_b": [[0.7026840448379517, 0.10277587175369263, 0.7037699818611145, -0.69384765625], [0.530029833316803, 0.5842471122741699, -0.6142081618309021, 0.50927734375], [-0.4744819402694702, 0.8050776720046997, 0.3559378981590271, 0.60400390625], [0.0, 0.0, 0.0, 1.0]]}
{"pair_idx": 4, "rel_a": "can_kernel_corn/multiview-04-pixel_6pro/images/020.jpg", "rel_b": "can_kernel_corn/multiview-04-pixel_6pro/images/024.jpg", "T_wc_gt_a": [[-0.025334886163925985, 0.03337697165523226, -0.9991216749256251, -4.462605441137839], [0.5242076852912396, -0.8505685436760084, -0.0417067763136226, 9.206810722376789], [-0.8512135138874743, -0.5248038969672383, 0.004052592175227465, 192.90235498613845], [0.0, 0.0, 0.0, 1.0]], "T_wc_gt_b": [[-0.7658442123245361, -0.04467148480956229, -0.6414726033853043, 3.5005515770877733], [0.3709593711846462, -0.8455370426104525, -0.3840003313850935, 1.3524331743423], [-0.5252349830117019, -0.5320447049059682, 0.6641209563040594, 205.3447234169205], [0.0, 0.0, 0.0, 1.0]], "T_wc_pred_a": [[1.0, 3.838539123535156e-05, -0.00017082691192626953, -8.046627044677734e-06], [-3.838539123535156e-05, 1.0, -1.0967254638671875e-05, -3.1113624572753906e-05], [0.00017082691192626953, 1.0967254638671875e-05, 1.0, 2.4259090423583984e-05], [0.0, 0.0, 0.0, 1.0]], "T_wc_pred_b": [[0.5308643579483032, -0.39534449577331543, 0.749639630317688, -0.6259765625], [0.41440314054489136, 0.8926730155944824, 0.1773919016122818, -0.176025390625], [-0.7388886213302612, 0.21648654341697693, 0.6376416087150574, 0.355224609375], [0.0, 0.0, 0.0, 1.0]]}
{"pair_idx": 5, "rel_a": "chicken_racer/multiview-11-pixel_5/images/033.jpg", "rel_b": "chicken_racer/multiview-11-pixel_5/images/036.jpg", "T_wc_gt_a": [[-0.5997110177594231, -0.03169068677989621, 0.7995888915870303, -3.8248625010415913], [-0.09651554376573725, -0.9890564433885578, -0.11158898513375322, -23.767377853393555], [0.7943748768620275, -0.14409390050586962, 0.5900894024191956, 187.0834808349609], [0.0, 0.0, 0.0, 1.0]], "T_wc_gt_b": [[0.5904880586931642, 0.020419942908818822, 0.8067880009471997, 7.928760051727295], [-0.43094603019819794, -0.837248933267819, 0.3366002715363023, -26.857686689954203], [0.6823557514941836, -0.5464405271147987, -0.48558560391480765, 192.46876147203216], [0.0, 0.0, 0.0, 1.0]], "T_wc_pred_a": [[1.0, 0.00019800662994384766, 0.0001004934310913086, 5.054473876953125e-05], [-0.00019800662994384766, 1.0, -3.886222839355469e-05, -2.7418136596679688e-06], [-0.0001004934310913086, 3.886222839355469e-05, 1.0, 2.1457672119140625e-06], [0.0, 0.0, 0.0, 1.0]], "T_wc_pred_b": [[0.24896365404129028, -0.13069982826709747, 0.9592782258987427, -0.57421875], [0.5427944660186768, 0.8395513296127319, -0.026578882709145546, 0.0019397735595703125], [-0.8022433519363403, 0.5276761651039124, 0.27968788146972656, 0.4892578125], [0.0, 0.0, 0.0, 1.0]]}
{"pair_idx": 6, "rel_a": "circo_fish_toothbrush_holder_14995988/multiview-15-canon_t4i/images/155.jpg", "rel_b": "circo_fish_toothbrush_holder_14995988/multiview-15-canon_t4i/images/177.jpg", "T_wc_gt_a": [[-0.782946596856581, -0.04686571094176994, -0.6203210713885359, -0.7852841487696259], [-0.006210616067894505, -0.9965196417803186, 0.08312660100162174, -27.85642217733993], [-0.6220579191030011, 0.06893626537569376, 0.7799305972952313, 328.4742126464844], [0.0, 0.0, 0.0, 1.0]], "T_wc_gt_b": [[-0.8364818443407607, -0.0333905509356589, 0.5469764119196484, -6.972779273986816], [-0.4770920951073234, -0.4466775558863225, -0.7568766701738969, -6.388425350189209], [0.26959461581119226, -0.8940717153425861, 0.35770729787073274, 270.4761962890625], [0.0, 0.0, 0.0, 1.0]], "T_wc_pred_a": [[1.0, 0.0003348282480146736, 0.00019366580818314105, 8.171796798706055e-05], [-0.0003348282480146736, 1.0, -5.918560782447457e-05, 8.83340835571289e-05], [-0.00019366580818314105, 5.918560782447457e-05, 1.0, -3.552436828613281e-05], [0.0, 0.0, 0.0, 1.0]], "T_wc_pred_b": [[0.31145936250686646, 0.015670910477638245, 0.9500489234924316, -0.8037109375], [0.8716943860054016, 0.3932419419288635, -0.29236042499542236, 0.265869140625], [-0.3780607283115387, 0.9191968441009521, 0.10871696472167969, 0.73681640625], [0.0, 0.0, 0.0, 1.0]]}
{"pair_idx": 7, "rel_a": "dino_4/multiview-10-pixel_4xl/images/040.jpg", "rel_b": "dino_4/multiview-10-pixel_4xl/images/050.jpg", "T_wc_gt_a": [[0.9616325790218964, 0.02838017514683816, -0.2728687388147111, 27.97322082519531], [0.162928886537492, -0.8593079578752609, 0.48481337797538315, -18.8519287109375], [-0.22071919013839572, -0.5106705387927557, -0.8309624780420395, 164.6122283935547], [0.0, 0.0, 0.0, 1.0]], "T_wc_gt_b": [[0.5264181470645595, 0.09302309557445734, 0.845121670607766, -13.337188561987196], [-0.493378177470301, -0.7760982116246782, 0.3927461519977773, -20.03592539261882], [0.6924318799977369, -0.6237132911865213, -0.3626566171464103, 246.17237795426715], [0.0, 0.0, 0.0, 1.0]], "T_wc_pred_a": [[1.0, 9.036064147949219e-05, -3.2067298889160156e-05, -1.6629695892333984e-05], [-9.036064147949219e-05, 1.0, -2.777576446533203e-05, -3.135204315185547e-05], [3.2067298889160156e-05, 2.777576446533203e-05, 1.0, 2.205371856689453e-05], [0.0, 0.0, 0.0, 1.0]], "T_wc_pred_b": [[0.3056163787841797, 0.44583138823509216, -0.8413663506507874, 0.69189453125], [-0.5903725624084473, 0.7818453907966614, 0.19996489584445953, -0.1319580078125], [0.7466332912445068, 0.43582093715667725, 0.5024072527885437, 0.72802734375], [0.0, 0.0, 0.0, 1.0]]}
{"pair_idx": 8, "rel_a": "dino_5/multiview-12-pixel_7/images/040.jpg", "rel_b": "dino_5/multiview-12-pixel_7/images/042.jpg", "T_wc_gt_a": [[0.7964691585120315, 0.0426733227426184, -0.6031715071729108, -5.851195812225343], [0.4950850026044076, -0.6187302872683056, 0.6099702220707774, -19.988923310573306], [-0.34717102375533904, -0.7844436366897141, -0.5139265133476627, 221.7193756103516], [0.0, 0.0, 0.0, 1.0]], "T_wc_gt_b": [[-0.3741650196916704, -0.022822781536533138, -0.9270812578636607, -0.6811297535896301], [0.31545501996557146, -0.9432137340973696, -0.10409602388476373, -34.38269805908203], [-0.8720600142293262, -0.33140152753575547, 0.3601171463972733, 236.01422119140625], [0.0, 0.0, 0.0, 1.0]], "T_wc_pred_a": [[1.0, -6.318092346191406e-05, 0.00017833709716796875, 0.00012600421905517578], [6.318092346191406e-05, 1.0, -0.00012803077697753906, 1.7940998077392578e-05], [-0.00017833709716796875, 0.00012803077697753906, 1.0, 5.060434341430664e-05], [0.0, 0.0, 0.0, 1.0]], "T_wc_pred_b": [[0.27627885341644287, -0.7212794423103333, 0.634843111038208, -0.37841796875], [0.2300085425376892, 0.691124439239502, 0.6851422190666199, -0.42919921875], [-0.932731032371521, -0.04346233606338501, 0.3568550944328308, 0.377197265625], [0.0, 0.0, 0.0, 1.0]]}
{"pair_idx": 9, "rel_a": "duck_bath_yellow_s/multiview-00-pixel_4a/images/017.jpg", "rel_b": "duck_bath_yellow_s/multiview-00-pixel_4a/images/019.jpg", "T_wc_gt_a": [[0.9840755990443656, -1.8692205575043808e-08, -0.17775043000080948, 14.370821032906113], [0.13996679577307786, -0.6163984352822904, 0.7748950026052313, -0.7126583518836207], [-0.10956510140774998, -0.7874344220197282, -0.6065826568341415, 195.1389650056757], [0.0, 0.0, 0.0, 1.0]], "T_wc_gt_b": [[0.2395182243042615, 0.011883409839787973, 0.9708191411363464, -17.558735212820036], [-0.6352909406082083, -0.7542277385552167, 0.16596969354379554, 1.4431342380246113], [0.7341910112547493, -0.6565053716188948, -0.17310186604501254, 227.8964569044852], [0.0, 0.0, 0.0, 1.0]], "T_wc_pred_a": [[1.0, 9.119510650634766e-05, 1.5497207641601562e-06, 8.660554885864258e-05], [-9.119510650634766e-05, 1.0, -1.1801719665527344e-05, 3.898143768310547e-05], [-1.5497207641601562e-06, 1.1801719665527344e-05, 1.0, -6.818771362304688e-05], [0.0, 0.0, 0.0, 1.0]], "T_wc_pred_b": [[0.11199396848678589, 0.743753969669342, -0.6581806540489197, 0.491455078125], [-0.6606256365776062, 0.5508625507354736, 0.510016679763794, -0.39990234375], [0.7422869801521301, 0.37798935174942017, 0.5533075332641602, 0.468505859375], [0.0, 0.0, 0.0, 1.0]]}
{"pair_idx": 10, "rel_a": "fire_engine_toy_red_yellow_s/multiview-00-pixel_4a/images/022.jpg", "rel_b": "fire_engine_toy_red_yellow_s/multiview-00-pixel_4a/images/024.jpg", "T_wc_gt_a": [[-0.9915119281186227, 0.0201536274814004, -0.1284442591081134, -8.744310325727612], [0.10554608300516735, -0.4521175757271938, -0.885691663097735, 0.5361657568712982], [-0.07592180688548948, -0.8917306370299869, 0.44615283280658014, 349.0524204565026], [0.0, 0.0, 0.0, 1.0]], "T_wc_gt_b": [[-0.4584509641692882, -0.048033573141134406, 0.8874206946558916, 21.4632299781214], [-0.42204282864916776, -0.8669926316226766, -0.26495967145547805, -9.485518151534531], [0.7821141631744428, -0.4960005570191236, 0.37720138281647375, 288.69972733543256], [0.0, 0.0, 0.0, 1.0]], "T_wc_pred_a": [[1.0, 9.1552734375e-05, -0.0002460479736328125, 5.304813385009766e-06], [-9.1552734375e-05, 1.0, -9.584426879882812e-05, 0.00014281272888183594], [0.0002460479736328125, 9.584426879882812e-05, 1.0, 0.00011134147644042969], [0.0, 0.0, 0.0, 1.0]], "T_wc_pred_b": [[0.3491293787956238, -0.8231024742126465, 0.447656512260437, -0.334228515625], [0.45326748490333557, 0.5664928555488586, 0.6879516839981079, -0.61328125], [-0.8196871280670166, -0.03708108514547348, 0.5711280107498169, 0.21630859375], [0.0, 0.0, 0.0, 1.0]]}
{"pair_idx": 11, "rel_a": "garbage_truck_green_toy_s/multiview-02-pixel_6pro/images/020.jpg", "rel_b": "garbage_truck_green_toy_s/multiview-02-pixel_6pro/images/023.jpg", "T_wc_gt_a": [[0.8649626810421409, -0.014216780836448423, -0.5016347710705866, -15.090641118899027], [0.38856598613614524, -0.6136056363669262, 0.6873896983784267, 17.66509109846498], [-0.31757839161762313, -0.7894846459313745, -0.5252218188691096, 284.2144020354791], [0.0, 0.0, 0.0, 1.0]], "T_wc_gt_b": [[0.7949832569358117, -0.013251988944650989, 0.606486608245178, -7.147264689401268], [-0.36616034958142807, -0.8075823652801379, 0.4623173387219486, -7.711075607534702], [0.48366126533570525, -0.5896058921665805, -0.6468668118989531, 246.8031741504769], [0.0, 0.0, 0.0, 1.0]], "T_wc_pred_a": [[1.0, 0.00019562244415283203, 9.34600830078125e-05, 6.747245788574219e-05], [-0.00019562244415283203, 1.0, 5.841255187988281e-06, 2.0444393157958984e-05], [-9.34600830078125e-05, -5.841255187988281e-06, 1.0, -0.00012350082397460938], [0.0, 0.0, 0.0, 1.0]], "T_wc_pred_b": [[0.3756026029586792, 0.7316468358039856, -0.5690586566925049, 0.533203125], [-0.4858056604862213, 0.6782516837120056, 0.5509389042854309, -0.64453125], [0.7894341945648193, 0.06941830366849899, 0.610180139541626, 0.267822265625], [0.0, 0.0, 0.0, 1.0]]}
{"pair_idx": 12, "rel_a": "hand_drill_cordless_blue_black/multiview-02-pixel_6pro/images/021.jpg", "rel_b": "hand_drill_cordless_blue_black/multiview-02-pixel_6pro/images/024.jpg", "T_wc_gt_a": [[-0.9457349435650941, 0.3248984709511436, 0.005138102133852615, 8.397551008966467], [0.20885276894774002, 0.6199034522469147, -0.7563730764610935, -28.878351602333822], [-0.24892958326159415, -0.7142553419232972, -0.6541203017115764, 273.20636831918125], [0.0, 0.0, 0.0, 1.0]], "T_wc_gt_b": [[0.5625484136908815, 0.8252086324483728, 0.05069511994816722, 8.756976709294015], [0.5574030316685789, -0.33326939497881725, -0.7604165770530851, -28.89673457901853], [-0.6106071916875448, 0.4560287527153737, -0.6474539629628584, 293.61395797470226], [0.0, 0.0, 0.0, 1.0]], "T_wc_pred_a": [[1.0, 0.00010371208190917969, -0.0002818107604980469, -4.7206878662109375e-05], [-0.00010371208190917969, 1.0, -1.8596649169921875e-05, 6.109476089477539e-05], [0.0002818107604980469, 1.8596649169921875e-05, 1.0, -0.0001583099365234375], [0.0, 0.0, 0.0, 1.0]], "T_wc_pred_b": [[-0.3368370532989502, 0.5480445027351379, -0.7662836313247681, 0.8212890625], [-0.5685961842536926, 0.5300029516220093, 0.6287831664085388, -0.6455078125], [0.7506251931190491, 0.6473775506019592, 0.13291531801223755, 0.93896484375], [0.0, 0.0, 0.0, 1.0]]}
{"pair_idx": 13, "rel_a": "hut_mushrooms_showpiece/multiview-01-pixel_4a/images/018.jpg", "rel_b": "hut_mushrooms_showpiece/multiview-01-pixel_4a/images/019.jpg", "T_wc_gt_a": [[-0.941627832496267, -0.015904922789378384, 0.3362797325136402, 3.6860911502852254], [-0.23570396662804766, -0.6820682198688814, -0.6922619327687307, -3.9021191011190526], [0.24037609112427483, -0.7311155701227805, 0.6385055660993534, 215.5571723589088], [0.0, 0.0, 0.0, 1.0]], "T_wc_gt_b": [[0.5799779616422616, -0.030193912362520392, 0.8140724118071634, -5.008882667244247], [-0.6446730866073098, -0.6279328698370799, 0.4360010577766673, -9.996113602162383], [0.4980182480727904, -0.7776815792047624, -0.38365242857578163, 269.38440225075067], [0.0, 0.0, 0.0, 1.0]], "T_wc_pred_a": [[1.0, 0.000164031982421875, -0.00020265579223632812, 5.1081180572509766e-05], [-0.000164031982421875, 1.0, -0.00010097026824951172, -2.658367156982422e-05], [0.00020265579223632812, 0.00010097026824951172, 1.0, 4.011392593383789e-05], [0.0, 0.0, 0.0, 1.0]], "T_wc_pred_b": [[-0.29799771308898926, -0.6612164378166199, 0.6890725493431091, -0.6083984375], [0.7413638830184937, 0.29528892040252686, 0.6035493612289429, -0.5439453125], [-0.6020832657814026, 0.6895613074302673, 0.40231508016586304, 0.7705078125], [0.0, 0.0, 0.0, 1.0]]}
{"pair_idx": 14, "rel_a": "ice_cream_cart_showpiece/multiview-01-pixel_4a/images/016.jpg", "rel_b": "ice_cream_cart_showpiece/multiview-01-pixel_4a/images/018.jpg", "T_wc_gt_a": [[0.9716756590402402, -0.01427222862282257, 0.23588708552791263, -5.880990744429399], [-0.18924780628970675, -0.6448107392781364, 0.7405432994269252, -1.8505028569283488], [0.14153332273089794, -0.7642090119867213, -0.629247888002042, 303.4191291514219], [0.0, 0.0, 0.0, 1.0]], "T_wc_gt_b": [[-0.07918819759009921, 0.020989019407136655, 0.9966386960311939, 1.5880227719175792], [-0.7386572883465126, -0.6726090373506031, -0.04452519788695236, 10.073883561273972], [0.6694136536813458, -0.7397003068396162, 0.06876638951093361, 229.2084753006482], [0.0, 0.0, 0.0, 1.0]], "T_wc_pred_a": [[1.0, 0.00016872670676093549, -0.00010775121336337179, 3.993511199951172e-05], [-0.00016872670676093549, 1.0, -5.67990900890436e-05, 4.231929779052734e-06], [0.00010775121336337179, 5.67990900890436e-05, 1.0, 0.0001800060272216797], [0.0, 0.0, 0.0, 1.0]], "T_wc_pred_b": [[0.13711023330688477, 0.7246124148368835, -0.6752625703811646, 0.609375], [-0.6865006685256958, 0.5609816312789917, 0.4622274935245514, -0.396728515625], [0.7133743762969971, 0.40017369389533997, 0.5749070644378662, 0.1575927734375], [0.0, 0.0, 0.0, 1.0]]}
{"pair_idx": 15, "rel_a": "keywest_showpiece_s/multiview-00-pixel_6pro/images/022.jpg", "rel_b": "keywest_showpiece_s/multiview-00-pixel_6pro/images/024.jpg", "T_wc_gt_a": [[0.13047772377865763, 0.06434341649584785, 0.9893611516282526, 5.40123467292056], [-0.7593494346376137, -0.6351225223922405, 0.14144899315885717, -7.204304282044883], [0.6374668616587664, -0.7697267737994826, -0.0340102041035244, 240.83222310979613], [0.0, 0.0, 0.0, 1.0]], "T_wc_gt_b": [[0.7816858994769276, -0.005577861067052339, 0.623647369933413, 30.81791018128689], [-0.24741083115892004, -0.9206849424809183, 0.3018726839483182, -12.560672270791368], [0.5724989390245182, -0.3902667346249556, -0.7210664606407482, 223.2905981545959], [0.0, 0.0, 0.0, 1.0]], "T_wc_pred_a": [[1.0, -1.2159347534179688e-05, -0.00011551380157470703, 4.404783248901367e-05], [1.2159347534179688e-05, 1.0, -0.0001399517059326172, 3.618001937866211e-05], [0.00011551380157470703, 0.0001399517059326172, 1.0, -6.705522537231445e-05], [0.0, 0.0, 0.0, 1.0]], "T_wc_pred_b": [[0.7282217144966125, -0.49423110485076904, 0.4746962785720825, -0.31591796875], [0.2329528033733368, 0.8300470113754272, 0.5069287419319153, -0.439697265625], [-0.6446492671966553, -0.2583480775356293, 0.7196752429008484, 0.1962890625], [0.0, 0.0, 0.0, 1.0]]}
{"pair_idx": 16, "rel_a": "paper_weight_flowers_showpiece/multiview-01-pixel_4a/images/018.jpg", "rel_b": "paper_weight_flowers_showpiece/multiview-01-pixel_4a/images/019.jpg", "T_wc_gt_a": [[-0.13492696952120187, -0.028207818156087472, 0.9904539524332757, -17.65842274258766], [-0.8125698631294325, -0.5688828100797547, -0.12689588618066822, 3.3923938120028847], [0.5670316837969814, -0.8219347099317773, 0.05383681063849477, 235.05033285154312], [0.0, 0.0, 0.0, 1.0]], "T_wc_gt_b": [[0.9925669940229191, -0.03083169192276355, -0.11772921960790428, 2.0315058615585992], [0.08130200348326802, -0.5518469069719614, 0.8299728763610813, 9.919231355818493], [-0.0905579737290595, -0.8333753044329187, -0.5452383472899056, 213.4064064036029], [0.0, 0.0, 0.0, 1.0]], "T_wc_pred_a": [[1.0, 0.00012052059173583984, -0.00023508071899414062, 1.1861324310302734e-05], [-0.00012052059173583984, 1.0, -8.511543273925781e-05, 3.2007694244384766e-05], [0.00023508071899414062, 8.511543273925781e-05, 1.0, 9.799003601074219e-05], [0.0, 0.0, 0.0, 1.0]], "T_wc_pred_b": [[-0.24768388271331787, -0.7561277151107788, 0.6052926778793335, -0.5751953125], [0.8039653301239014, 0.18773627281188965, 0.5638008117675781, -0.4638671875], [-0.5398820042610168, 0.6262826323509216, 0.5616509914398193, 0.27392578125], [0.0, 0.0, 0.0, 1.0]]}
{"pair_idx": 17, "rel_a": "pumpkin_showpiece_s/multiview-02-pixel_6pro/images/015.jpg", "rel_b": "pumpkin_showpiece_s/multiview-02-pixel_6pro/images/018.jpg", "T_wc_gt_a": [[0.5406727483361513, 0.0501944319152427, -0.8397341830670816, -0.4064085250662025], [0.6032211751586798, -0.7188945903042763, 0.34541971841721575, -14.386788869731642], [-0.5863422149622303, -0.6933044692167744, -0.4189650581101396, 204.8735145480494], [0.0, 0.0, 0.0, 1.0]], "T_wc_gt_b": [[0.9493362398194859, -0.0776836619434204, 0.30450936345613416, -8.878851665168002], [-0.250452438321736, -0.7723156402531943, 0.5837826033370608, 0.4367809914287365], [0.18982697359463072, -0.6304710940934242, -0.7526432884232372, 184.74643084004987], [0.0, 0.0, 0.0, 1.0]], "T_wc_pred_a": [[1.0, 9.191036224365234e-05, 9.417533874511719e-06, -8.64267349243164e-06], [-9.191036224365234e-05, 1.0, -9.274482727050781e-05, 3.2782554626464844e-05], [-9.417533874511719e-06, 9.274482727050781e-05, 1.0, -2.6226043701171875e-06], [0.0, 0.0, 0.0, 1.0]], "T_wc_pred_b": [[0.24638772010803223, 0.6855913996696472, -0.6851020455360413, 0.671875], [-0.6327406764030457, 0.6493745446205139, 0.4215824604034424, -0.382568359375], [0.7340379357337952, 0.3295830190181732, 0.5938323736190796, 0.34765625], [0.0, 0.0, 0.0, 1.0]]}
{"pair_idx": 18, "rel_a": "remote_control_toy_car_s/multiview-04-pixel_6pro/images/022.jpg", "rel_b": "remote_control_toy_car_s/multiview-04-pixel_6pro/images/024.jpg", "T_wc_gt_a": [[0.9860831150322626, -0.04857800051039863, -0.15899769845718262, 12.266679973648596], [0.07931660318755113, -0.7030435865655988, 0.7067096941798433, -13.027835793800731], [-0.14611285606358534, -0.7094856540166198, -0.6894063678539322, 232.5575952379514], [0.0, 0.0, 0.0, 1.0]], "T_wc_gt_b": [[0.16525188412212632, 0.010665860582794895, 0.9861937204282512, 19.934599025584426], [-0.533954458686857, -0.8397497755187617, 0.09855430261847908, -12.994620854552055], [0.8292071217991996, -0.5428688183476904, -0.13307514878169235, 286.92408587701595], [0.0, 0.0, 0.0, 1.0]], "T_wc_pred_a": [[1.0, 6.23464584350586e-05, -0.0002484321594238281, -2.980232238769531e-07], [-6.23464584350586e-05, 1.0, -6.80685043334961e-05, 0.00015115737915039062], [0.0002484321594238281, 6.80685043334961e-05, 1.0, -0.00019741058349609375], [0.0, 0.0, 0.0, 1.0]], "T_wc_pred_b": [[0.02599656581878662, 0.6961360573768616, -0.7181501984596252, 0.65234375], [-0.5151309370994568, 0.6245365738868713, 0.5870437622070312, -0.46630859375], [0.8570839166641235, 0.35467228293418884, 0.37479835748672485, 0.69384765625], [0.0, 0.0, 0.0, 1.0]]}
{"pair_idx": 19, "rel_a": "schleich_african_black_rhino/multiview-10-ipad_5/images/033.jpg", "rel_b": "schleich_african_black_rhino/multiview-10-ipad_5/images/034.jpg", "T_wc_gt_a": [[0.942302789222797, 0.00159865818902441, -0.3347579688594907, -14.55886173248291], [0.20934043796500812, -0.7831563308042311, 0.585527747040115, -68.65266418457031], [-0.26123176387176905, -0.621822809016563, -0.7383050587197653, 308.4138488769531], [0.0, 0.0, 0.0, 1.0]], "T_wc_gt_b": [[0.25890041579709333, -0.03191359313737127, -0.9653766608288988, 12.55494499206543], [0.4106585631122279, -0.9009897450275439, 0.13991791843006426, -26.168989181518555], [-0.8742597550171761, -0.4326649996570836, -0.22016102931500714, 243.562072012548], [0.0, 0.0, 0.0, 1.0]], "T_wc_pred_a": [[1.0, -9.870529174804688e-05, 8.845329284667969e-05, 4.506111145019531e-05], [9.870529174804688e-05, 1.0, -4.0531158447265625e-06, -2.110004425048828e-05], [-8.845329284667969e-05, 4.0531158447265625e-06, 1.0, -5.269050598144531e-05], [0.0, 0.0, 0.0, 1.0]], "T_wc_pred_b": [[0.5556708574295044, -0.46605733036994934, 0.6884660720825195, -0.29638671875], [0.26098233461380005, 0.8840349912643433, 0.38793352246284485, -0.1131591796875], [-0.7890504598617554, -0.03613226115703583, 0.6127988696098328, 0.058135986328125], [0.0, 0.0, 0.0, 1.0]]}
{"pair_idx": 20, "rel_a": "schleich_bald_eagle/multiview-11-pixel_7/images/043.jpg", "rel_b": "schleich_bald_eagle/multiview-11-pixel_7/images/045.jpg", "T_wc_gt_a": [[-0.9723853930013828, 0.059899606270362886, -0.225563039184617, 2.39585547397798], [0.08239522126148643, -0.8161513990694584, -0.5719334937824815, -1.0325723309858044], [-0.218352181099288, -0.5747250916443624, 0.7886782576206619, 161.373291015625], [0.0, 0.0, 0.0, 1.0]], "T_wc_gt_b": [[-0.13753372065158764, 0.06212602637507331, -0.9885468286988608, 8.341555138919064], [0.4607029557132342, -0.8794907179285092, -0.11936860422525311, -20.19291114807129], [-0.876833657132766, -0.47184365411059526, 0.09233798673752924, 158.2371368408203], [0.0, 0.0, 0.0, 1.0]], "T_wc_pred_a": [[1.0, 6.198883056640625e-05, 6.914138793945312e-05, -2.396106719970703e-05], [-6.198883056640625e-05, 1.0, 7.152557373046875e-07, 4.1544437408447266e-05], [-6.914138793945312e-05, -7.152557373046875e-07, 1.0, -2.86102294921875e-06], [0.0, 0.0, 0.0, 1.0]], "T_wc_pred_b": [[0.32765305042266846, 0.5249965786933899, -0.7855432033538818, 0.69775390625], [-0.47327759861946106, 0.8106889724731445, 0.34446802735328674, -0.37548828125], [0.8177456259727478, 0.2590828835964203, 0.5140366554260254, 0.374755859375], [0.0, 0.0, 0.0, 1.0]]}
{"pair_idx": 21, "rel_a": "schleich_hereford_bull/multiview-04-pixel_4xl/images/034.jpg", "rel_b": "schleich_hereford_bull/multiview-04-pixel_4xl/images/038.jpg", "T_wc_gt_a": [[-0.04413863113629257, 0.049740365102187434, -0.9977863886227931, 16.422813415527347], [0.6004181912696951, -0.7969340467933206, -0.06628816375529945, 8.421316146850586], [-0.7984671419875977, -0.6020149675391157, 0.005310557883613676, 214.7700042724609], [0.0, 0.0, 0.0, 1.0]], "T_wc_gt_b": [[0.9803274464788461, 0.06176911387603548, -0.18746379450772518, 24.66069793701172], [0.0887271582869848, -0.9863089514972523, 0.1390041135316048, -32.285120027370446], [-0.1763110576866397, -0.15290267743685948, -0.972386333804655, 236.8640735664412], [0.0, 0.0, 0.0, 1.0]], "T_wc_pred_a": [[1.0, 4.410743713378906e-06, 0.00026702880859375, -1.2695789337158203e-05], [-4.410743713378906e-06, 1.0, 4.0411949157714844e-05, 3.325939178466797e-05], [-0.00026702880859375, -4.0411949157714844e-05, 1.0, -0.0001246929168701172], [0.0, 0.0, 0.0, 1.0]], "T_wc_pred_b": [[0.08544933795928955, 0.5646398663520813, -0.820850670337677, 0.489013671875], [-0.16897714138031006, 0.8202863931655884, 0.5465831160545349, -0.392333984375], [0.9818974733352661, 0.09186988323926926, 0.1654847264289856, 0.5126953125], [0.0, 0.0, 0.0, 1.0]]}
{"pair_idx": 22, "rel_a": "schleich_lion_action_figure/multiview-08-ipad_5/images/031.jpg", "rel_b": "schleich_lion_action_figure/multiview-08-ipad_5/images/034.jpg", "T_wc_gt_a": [[0.9615594301278034, 0.032720018969543664, 0.2726405375048376, -37.13082885742188], [-0.15212871322866608, -0.7631045057443282, 0.6281149320976976, -72.43251700013674], [0.2286051551117873, -0.6454462903072088, -0.7287926792888211, 429.4798682356037], [0.0, 0.0, 0.0, 1.0]], "T_wc_gt_b": [[0.38294225191956643, 0.01337537463602817, -0.9236754468145818, 35.8841552734375], [0.7725240609506145, -0.5528955511285312, 0.31227085165709745, -71.36619567871094], [-0.5065193056016153, -0.8331432103159838, -0.2220598661560298, 343.7815856933594], [0.0, 0.0, 0.0, 1.0]], "T_wc_pred_a": [[1.0, 1.1920928955078125e-07, -0.00021791458129882812, 6.67572021484375e-05], [-1.1920928955078125e-07, 1.0, -2.205371856689453e-05, -4.827976226806641e-06], [0.00021791458129882812, 2.205371856689453e-05, 1.0, 5.716085433959961e-05], [0.0, 0.0, 0.0, 1.0]], "T_wc_pred_b": [[0.13173329830169678, -0.6631643772125244, 0.7364152073860168, -0.68701171875], [0.8077126741409302, 0.5021383762359619, 0.3071652352809906, -0.29150390625], [-0.5733099579811096, 0.5547530651092529, 0.602492094039917, 0.2181396484375], [0.0, 0.0, 0.0, 1.0]]}
{"pair_idx": 23, "rel_a": "schleich_spinosaurus_action_figure/multiview-10-canon_t4i/images/044.jpg", "rel_b": "schleich_spinosaurus_action_figure/multiview-10-canon_t4i/images/051.jpg", "T_wc_gt_a": [[-0.9580556444014754, -0.12558987084581538, -0.2575976835520938, -6.162860612528252], [0.13362651407846807, -0.9909348415260071, -0.013859819084816278, 12.079790115356444], [-0.2535218668393522, -0.047700358392346154, 0.9661528548027644, 715.5947265625], [0.0, 0.0, 0.0, 1.0]], "T_wc_gt_b": [[0.14558506055931553, -0.019545176635566278, -0.9891526556665685, -18.425301696378085], [0.21370087016475553, -0.975581068477025, 0.05072984249978828, 34.250477105435984], [-0.9659901284344302, -0.2187682904342207, -0.13785320768020526, 648.1860127559908], [0.0, 0.0, 0.0, 1.0]], "T_wc_pred_a": [[1.0, 1.823902130126953e-05, 0.000331878662109375, -3.55839729309082e-05], [-1.823902130126953e-05, 1.0, -5.078315734863281e-05, 9.059906005859375e-06], [-0.000331878662109375, 5.078315734863281e-05, 1.0, -3.1948089599609375e-05], [0.0, 0.0, 0.0, 1.0]], "T_wc_pred_b": [[0.2856195569038391, 0.06755341589450836, -0.9557647705078125, 0.89990234375], [-0.03786900267004967, 0.9975281953811646, 0.059155046939849854, -0.021881103515625], [0.9577193260192871, 0.019331514835357666, 0.28708547353744507, 0.470703125], [0.0, 0.0, 0.0, 1.0]]}
{"pair_idx": 24, "rel_a": "school_bus/multiview-10-pixel_5/images/030.jpg", "rel_b": "school_bus/multiview-10-pixel_5/images/031.jpg", "T_wc_gt_a": [[0.957487232033936, -0.002927776519483699, -0.2884607921653192, 5.8487528472395445], [0.08772800466777876, -0.9496329919010864, 0.3008338044336131, -15.332509001046956], [-0.2748126592589973, -0.3133506164309289, -0.9090046168713091, 238.85610859728507], [0.0, 0.0, 0.0, 1.0]], "T_wc_gt_b": [[0.7936002610346249, -0.02261330818095489, 0.6080191312605948, -15.032340049743652], [-0.13940005224137939, -0.9794854578457586, 0.14551928842523149, -6.421639919281006], [0.592255224646331, -0.2002420439413216, -0.7804722113677884, 219.45632934570312], [0.0, 0.0, 0.0, 1.0]], "T_wc_pred_a": [[1.0, 4.184246063232422e-05, -4.1604042053222656e-05, 5.1856040954589844e-05], [-4.184246063232422e-05, 1.0, -3.6716461181640625e-05, -3.814697265625e-05], [4.1604042053222656e-05, 3.6716461181640625e-05, 1.0, -5.7816505432128906e-05], [0.0, 0.0, 0.0, 1.0]], "T_wc_pred_b": [[0.5994160771369934, 0.2564714252948761, -0.7581783533096313, 0.740234375], [-0.15485988557338715, 0.9665365815162659, 0.20468862354755402, -0.1763916015625], [0.7855353355407715, -0.005190493073314428, 0.6192010045051575, 0.3046875], [0.0, 0.0, 0.0, 1.0]]}
{"pair_idx": 25, "rel_a": "soldier_wood_showpiece/multiview-02-pixel_6pro/images/021.jpg", "rel_b": "soldier_wood_showpiece/multiview-02-pixel_6pro/images/022.jpg", "T_wc_gt_a": [[0.9833200409377314, -0.039469262027188874, -0.17754963938360255, 14.39813645444746], [0.1050916512552045, -0.6734407910555125, 0.7317330426999865, 26.86033290250638], [-0.1484501327943922, -0.7381867502858305, -0.6580599363095831, 301.706503629829], [0.0, 0.0, 0.0, 1.0]], "T_wc_gt_b": [[0.6592135206756284, 0.00025226095111863245, 0.751955763674204, -4.312587569135902], [-0.37918888231824743, -0.8634343756924507, 0.3327113920484625, 21.89102615555447], [0.6493483854485826, -0.5044611137015419, -0.5690919601244764, 236.2155262445364], [0.0, 0.0, 0.0, 1.0]], "T_wc_pred_a": [[1.0, 7.748603820800781e-05, -5.9723854064941406e-05, -3.141164779663086e-05], [-7.748603820800781e-05, 1.0, 8.344650268554688e-06, 5.2809715270996094e-05], [5.9723854064941406e-05, -8.344650268554688e-06, 1.0, 2.3305416107177734e-05], [0.0, 0.0, 0.0, 1.0]], "T_wc_pred_b": [[0.5372657775878906, 0.6322893500328064, -0.558017373085022, 0.417724609375], [-0.41900163888931274, 0.7744964957237244, 0.474217027425766, -0.412841796875], [0.7319702506065369, -0.02101116068661213, 0.680679202079773, 0.09844970703125], [0.0, 0.0, 0.0, 1.0]]}
{"pair_idx": 26, "rel_a": "steps_small_showpiece/multiview-04-pixel_6pro/images/017.jpg", "rel_b": "steps_small_showpiece/multiview-04-pixel_6pro/images/019.jpg", "T_wc_gt_a": [[-0.5732404146185375, -0.06440958131367835, -0.8168517814652567, 5.569656964536375], [0.802071385616981, -0.247972025300627, -0.5433151636414734, 4.955026386099892], [-0.16756168840884506, -0.9666236498779147, 0.19380866872840175, 157.67148286558208], [0.0, 0.0, 0.0, 1.0]], "T_wc_gt_b": [[-0.9640612331298937, 0.07441154182469745, -0.25504678241322665, 10.676544709691596], [0.16302913816717884, -0.5923037929692991, -0.7890486150692162, 7.06710620353265], [-0.20977950062991235, -0.8022712379722039, 0.5588858755041247, 167.30321920056474], [0.0, 0.0, 0.0, 1.0]], "T_wc_pred_a": [[1.0, 6.437301635742188e-05, 0.000152587890625, -1.2040138244628906e-05], [-6.437301635742188e-05, 1.0, -0.00017189979553222656, 8.96453857421875e-05], [-0.000152587890625, 0.00017189979553222656, 1.0, -2.9802322387695312e-06], [0.0, 0.0, 0.0, 1.0]], "T_wc_pred_b": [[0.7598883509635925, -0.6490822434425354, 0.03623636066913605, 0.007694244384765625], [0.5817338824272156, 0.703520655632019, 0.4089706242084503, -0.34326171875], [-0.2908669412136078, -0.2898908853530884, 0.9118492603302002, 0.1937255859375], [0.0, 0.0, 0.0, 1.0]]}
{"pair_idx": 27, "rel_a": "tractor_green_showpiece/multiview-03-pixel_6pro/images/018.jpg", "rel_b": "tractor_green_showpiece/multiview-03-pixel_6pro/images/019.jpg", "T_wc_gt_a": [[0.470785041723211, -0.08725799642976673, 0.8779222554125947, -9.108236597005725], [-0.721418893875894, -0.6108890834315992, 0.32614307796269804, -12.83218199935644], [0.50785453040074, -0.7868929849751894, -0.35054700989778853, 239.75825368185176], [0.0, 0.0, 0.0, 1.0]], "T_wc_gt_b": [[-0.8210495686613619, -0.018564893046255, 0.5705549496298955, -5.13022511540829], [-0.4708117221128354, -0.5431829130042456, -0.6951896470326413, -4.798522259365598], [0.32282182101298196, -0.8394091182292478, 0.43723952716041004, 238.05789345819483], [0.0, 0.0, 0.0, 1.0]], "T_wc_pred_a": [[1.0, 0.00010192394256591797, -0.00010788440704345703, -2.7239322662353516e-05], [-0.00010192394256591797, 1.0, -0.0001577138900756836, 0.00015044212341308594], [0.00010788440704345703, 0.0001577138900756836, 1.0, -0.00017690658569335938], [0.0, 0.0, 0.0, 1.0]], "T_wc_pred_b": [[0.053206026554107666, 0.7465671300888062, -0.6633432507514954, 0.60498046875], [-0.7122984528541565, 0.49429255723953247, 0.4988537132740021, -0.468017578125], [0.7005492448806763, 0.44598206877708435, 0.5576895475387573, 0.450439453125], [0.0, 0.0, 0.0, 1.0]]}
{"pair_idx": 28, "rel_a": "tumbler_air_balloon/multiview-00-pixel_4a/images/015.jpg", "rel_b": "tumbler_air_balloon/multiview-00-pixel_4a/images/016.jpg", "T_wc_gt_a": [[0.9868457314615741, 0.010103889778090305, -0.16134873320675053, 11.014058319759432], [0.07068246970675725, -0.9245643294591286, 0.3744125921599669, 13.83714418315158], [-0.1453942597636657, -0.38089199532563633, -0.9131165298715336, 239.6193301986844], [0.0, 0.0, 0.0, 1.0]], "T_wc_gt_b": [[0.264549787923432, -6.95243747017571e-08, -0.9643720286848133, -11.69375256708128], [0.8221319254378294, -0.5227191386644368, 0.22553004068149496, 9.775143492869825], [-0.5040957318660361, -0.8525049572136837, -0.13828518011898772, 300.3877016657585], [0.0, 0.0, 0.0, 1.0]], "T_wc_pred_a": [[1.0, 0.00025200843811035156, -7.045269012451172e-05, 0.00012004375457763672], [-0.00025200843811035156, 1.0, 0.00012063980102539062, -2.2172927856445312e-05], [7.045269012451172e-05, -0.00012063980102539062, 1.0, 1.6689300537109375e-06], [0.0, 0.0, 0.0, 1.0]], "T_wc_pred_b": [[0.4212037920951843, -0.3245951533317566, 0.846684992313385, -0.69482421875], [0.7811793088912964, 0.6045218706130981, -0.15692025423049927, 0.1026611328125], [-0.4604949355125427, 0.7274060249328613, 0.5084632039070129, 0.5478515625], [0.0, 0.0, 0.0, 1.0]]}
{"pair_idx": 29, "rel_a": "water_gun_toy_green/multiview-00-pixel_4a/images/011.jpg", "rel_b": "water_gun_toy_green/multiview-00-pixel_4a/images/012.jpg", "T_wc_gt_a": [[-0.8907567820558737, 0.361916953295822, 0.27489720649459976, -9.515240503759824], [-0.03506901990597178, -0.6577916934629662, 0.7523830486221482, -4.528608648695959], [0.45312527965707167, 0.6605499276573975, 0.5986244849715951, 266.79323319628213], [0.0, 0.0, 0.0, 1.0]], "T_wc_gt_b": [[-0.6005952729834547, -0.795688015558713, 0.07852324475062508, 52.74291022106743], [0.7201098610968074, -0.495627241010417, 0.48558771187040817, -34.943184706048605], [-0.3474580636869231, 0.3481870472384623, 0.8706541644730673, 280.82334604709183], [0.0, 0.0, 0.0, 1.0]], "T_wc_pred_a": [[1.0, 4.875659942626953e-05, -7.49826431274414e-05, 5.900859832763672e-06], [-4.875659942626953e-05, 1.0, -5.841255187988281e-06, -4.7087669372558594e-05], [7.49826431274414e-05, 5.841255187988281e-06, 1.0, 6.455183029174805e-05], [0.0, 0.0, 0.0, 1.0]], "T_wc_pred_b": [[0.20553874969482422, 0.5759233236312866, -0.7915278673171997, 0.84619140625], [-0.636546790599823, 0.6929712891578674, 0.33905163407325745, -0.400634765625], [0.7436157464981079, 0.43389806151390076, 0.5086562633514404, 0.477783203125], [0.0, 0.0, 0.0, 1.0]]}
{"pair_idx": 30, "rel_a": "water_gun_toy_white/multiview-02-pixel_6pro/images/016.jpg", "rel_b": "water_gun_toy_white/multiview-02-pixel_6pro/images/019.jpg", "T_wc_gt_a": [[0.9408729045524971, 0.3380781791829578, -0.021478413332547144, 39.88277300232821], [-0.2476953807283586, 0.7298185203223744, 0.6371906510302026, -10.357944226026], [0.23109559892992632, -0.5941953148206369, 0.770406874320591, 284.404399272462], [0.0, 0.0, 0.0, 1.0]], "T_wc_gt_b": [[-0.9076755690045046, -0.41966639885429285, 0.0022748857154646085, 1.6427887380830428], [0.2654786076259977, -0.5699753760567194, 0.7775919106973546, -13.802872912994095], [-0.3250325680994297, 0.7064051134877711, 0.6287651750160936, 254.47208796094412], [0.0, 0.0, 0.0, 1.0]], "T_wc_pred_a": [[1.0, 2.86102294921875e-05, -0.00015866756439208984, 2.0563602447509766e-05], [-2.86102294921875e-05, 1.0, -1.2278556823730469e-05, -2.187490463256836e-05], [0.00015866756439208984, 1.2278556823730469e-05, 1.0, 0.00010019540786743164], [0.0, 0.0, 0.0, 1.0]], "T_wc_pred_b": [[-0.9981602430343628, -0.03666628897190094, 0.04828846454620361, 0.043365478515625], [0.03739839419722557, 0.254228413105011, 0.9663794040679932, -0.9140625], [-0.047739386558532715, 0.9663794040679932, -0.252388596534729, 1.109375], [0.0, 0.0, 0.0, 1.0]]}
