{"pair_dir": "/home/caesar/camera_pose/Interpose/out_interpose_batch_300/pair_00000_5f0041e53d59", "selected_variant": "v3_B2A_p2_s2", "D_total": 252.98324828027913, "D_med": 0.7144409234593418, "D_bias": 252.2688073568198, "pose_direction": "A2B", "T_rel_selected": [[0.30569477737868417, -0.15218093859648352, 0.9398890104292202, -0.24697954941236902], [0.09632120661872415, 0.9870225887959553, 0.12848445166764358, -0.05565176122131185], [-0.9472446735676389, 0.051254228461326844, 0.31638595062991426, 0.22622505670440587], [0.0, 0.0, 0.0, 1.0]]}
{"pair_dir": "/home/caesar/camera_pose/Interpose/out_interpose_batch_300/pair_00001_d3812aad5382", "selected_variant": "v2_B2A_p1_s1", "D_total": 350.0923100416823, "D_med": 2.2555484151357694, "D_bias": 347.83676162654655, "pose_direction": "A2B", "T_rel_selected": [[-0.9218692588531179, 0.36374035652741726, 0.13360516655899007, -0.23378960301486865], [0.2756348426017248, 0.8578703414285738, -0.4336867169216736, 0.018251979002763277], [-0.2723652197959053, -0.36297611783655503, -0.8911036455670871, 0.3423666520650913], [0.0, 0.0, 0.0, 1.0]]}
{"pair_dir": "/home/caesar/camera_pose/Interpose/out_interpose_batch_300/pair_00002_d8de66037bd0", "selected_variant": "v1_A2B_p2_s2", "D_total": 271.2034180003246, "D_med": 8.458251775841028, "D_bias": 262.74516622448357, "pose_direction": "A2B", "T_rel_selected": [[0.12800788348881698, -0.02448341436907465, 0.991470854656817, -0.5677814358646286], [-0.05308107552270642, 0.9980931495331671, 0.03150019915157475, 0.032308367860600096], [-0.9903515352892509, -0.05666061798792752, 0.1264642859377762, 0.3272592372123025], [0.0, 0.0, 0.0, 1.0]]}
{"pair_dir": "/home/caesar/camera_pose/Interpose/out_interpose_batch_300/pair_00003_387eeb925ba4", "selected_variant": "v2_B2A_p1_s1", "D_total": 252.40614133376062, "D_med": 6.329480580890686, "D_bias": 246.07666075286994, "pose_direction": "A2B", "T_rel_selected": [[0.49826255348598053, 0.4199572559379387, -0.7585315358958632, 0.3136176764965057], [-0.002379335581282087, 0.8755249094135673, 0.48316699830133225, -0.06654998660087584], [0.8670228157943803, -0.23893928769939976, 0.43724048009059735, 0.21947029232978818], [0.0, 0.0, 0.0, 1.0]]}
{"pair_dir": "/home/caesar/camera_pose/Interpose/out_interpose_batch_300/pair_00004_493816813d2d", "selected_variant": "v1_A2B_p2_s2", "D_total": 255.0005097875176, "D_med": 1.1487512021730892, "D_bias": 253.8517585853445, "pose_direction": "A2B", "T_rel_selected": [[0.2795781668786814, 0.10187172078925777, 0.9547032866806078, -0.13758020102977753], [-0.03729530954916699, 0.9947571335456535, -0.09522399309846707, 0.010430199094116688], [-0.9593983756226668, -0.00898340962852246, 0.28191170676908206, 0.10622014850378036], [0.0, 0.0, 0.0, 1.0]]}
{"pair_dir": "/home/caesar/camera_pose/Interpose/out_interpose_batch_300/pair_00005_66fd66cbed40", "selected_variant": "v3_B2A_p2_s2", "D_total": 241.071679485972, "D_med": 1.2314198707736284, "D_bias": 239.84025961519836, "pose_direction": "A2B", "T_rel_selected": [[0.5031860531647931, 0.012576804599549083, -0.8640866410513347, 0.125025884502188], [-0.05175719969260012, 0.998537842484355, -0.015606173258397674, -0.039248066472592824], [0.8626269038477845, 0.05257550459397629, 0.5031011617775517, 0.10712318122697742], [0.0, 0.0, 0.0, 1.0]]}
{"pair_dir": "/home/caesar/camera_pose/Interpose/out_interpose_batch_300/pair_00006_4ff8650b5c11", "selected_variant": "v3_B2A_p2_s2", "D_total": 264.6442190869804, "D_med": 1.5783867347632512, "D_bias": 263.06583235221717, "pose_direction": "A2B", "T_rel_selected": [[0.18637597993581492, 0.22144595269411588, -0.9571969069721166, 0.1397523563744545], [-0.6346295165663502, 0.7708733027279985, 0.054771460339183654, -0.04258813847126487], [0.7500064178289063, 0.597257292013454, 0.28420838997155706, 0.1578826464038524], [0.0, 0.0, 0.0, 1.0]]}
{"pair_dir": "/home/caesar/camera_pose/Interpose/out_interpose_batch_300/pair_00007_5c8dafad7d78", "selected_variant": "v2_B2A_p1_s1", "D_total": 240.08860930391032, "D_med": 0.35456275221323974, "D_bias": 239.73404655169708, "pose_direction": "A2B", "T_rel_selected": [[0.5053541939660405, -0.009792526030321717, -0.8628564857365629, 0.22756196558475492], [-0.041684757191435606, 0.9984912362655185, -0.035745591537108476, 0.015110605396330357], [0.8619046777709714, 0.05403214399401143, 0.5041835378577698, 0.035567294806241954], [0.0, 0.0, 0.0, 1.0]]}
{"pair_dir": "/home/caesar/camera_pose/Interpose/out_interpose_batch_300/pair_00008_a62c330f5403", "selected_variant": "v1_A2B_p2_s2", "D_total": 244.13065727814515, "D_med": 1.480614887939116, "D_bias": 242.65004239020604, "pose_direction": "A2B", "T_rel_selected": [[0.5596743881179849, -0.21407471779367546, 0.8005851622905052, -0.07945349598904444], [-0.20612367153547104, 0.8997389857437578, 0.38468550464734974, 0.00014319186705686465], [-0.802669085587059, -0.3803181631681117, 0.4594350009863743, 0.06848899644324108], [0.0, 0.0, 0.0, 1.0]]}
{"pair_dir": "/home/caesar/camera_pose/Interpose/out_interpose_batch_300/pair_00009_ba55c875d20c", "selected_variant": "v3_B2A_p2_s2", "D_total": 233.61687844723215, "D_med": 2.1516692727586353, "D_bias": 231.46520917447353, "pose_direction": "A2B", "T_rel_selected": [[0.6236046739719662, 0.08260690396133163, 0.7773631297800757, -0.17502477765083313], [-0.11279653649785466, 0.9935036275823047, -0.015089230059567407, -0.01625785976648331], [-0.7735595360488641, -0.07827414837615651, 0.6288711641063397, -0.03169483691453934], [0.0, 0.0, 0.0, 1.0]]}
{"pair_dir": "/home/caesar/camera_pose/Interpose/out_interpose_batch_300/pair_00010_d9f4c746e6fa", "selected_variant": "v3_B2A_p2_s2", "D_total": 246.31616571838344, "D_med": 1.1188801741923569, "D_bias": 245.1972855441911, "pose_direction": "A2B", "T_rel_selected": [[0.41979327580635073, -0.08080900925175462, 0.904015181105517, -0.201033741235733], [0.10697227763305688, 0.9934914926692503, 0.03913300124690628, -0.04361863061785697], [-0.9012937467521429, 0.08027679714369969, 0.4257054095541583, 0.053076364099979415], [0.0, 0.0, 0.0, 1.0]]}
{"pair_dir": "/home/caesar/camera_pose/Interpose/out_interpose_batch_300/pair_00011_5a69d1027b47", "selected_variant": "v3_B2A_p2_s2", "D_total": 259.9328358564858, "D_med": 1.0133191338004106, "D_bias": 258.9195167226854, "pose_direction": "A2B", "T_rel_selected": [[0.19331519577406026, 0.07492551856965676, -0.9782716379105917, 0.15535745024681089], [-0.01467186325008783, 0.9971890879676509, 0.07347511565678178, -0.0023691756650805443], [0.9810269271957907, 0.00014920636792152157, 0.1938711094444466, 0.05331049486994743], [0.0, 0.0, 0.0, 1.0]]}
{"pair_dir": "/home/caesar/camera_pose/Interpose/out_interpose_batch_300/pair_00012_2beaca318994", "selected_variant": "v0_A2B_p1_s1", "D_total": 237.29964365734898, "D_med": 2.168116447483585, "D_bias": 235.1315272098654, "pose_direction": "A2B", "T_rel_selected": [[0.5846280819179669, -0.02929448824723213, -0.8107724926649607, 0.3936263918876648], [-0.11708066970398884, 0.9858405886289568, -0.12004397290413164, -0.01610555499792099], [0.8028089621692248, 0.1651068514788208, 0.5729203200849496, 0.0556071475148201], [0.0, 0.0, 0.0, 1.0]]}
{"pair_dir": "/home/caesar/camera_pose/Interpose/out_interpose_batch_300/pair_00013_c37109a55eff", "selected_variant": "v1_A2B_p2_s2", "D_total": 248.5533784570072, "D_med": 7.792620711208007, "D_bias": 240.7607577457992, "pose_direction": "A2B", "T_rel_selected": [[0.4901142236184002, 0.07806392039174395, -0.8681556738595775, 0.19351760463836193], [-0.020025270264516268, 0.996727243106121, 0.078319790147359, -0.02774409395889421], [0.8714281704876473, -0.021000588809026534, 0.49007336268822665, 0.07520043599918576], [0.0, 0.0, 0.0, 1.0]]}
{"pair_dir": "/home/caesar/camera_pose/Interpose/out_interpose_batch_300/pair_00014_2cbfe28643b6", "selected_variant": "v1_A2B_p2_s2", "D_total": 238.16079215904108, "D_med": 0.6372626271158299, "D_bias": 237.52352953192525, "pose_direction": "A2B", "T_rel_selected": [[0.5377430984408789, -0.19031774010466956, 0.8213472253542341, -0.11348556870551589], [0.1529008591118496, 0.9800489632528705, 0.12698563037500682, -0.035104512492186275], [-0.829128207645554, 0.05729907006602147, 0.5561143569796746, 0.18834443153514602], [0.0, 0.0, 0.0, 1.0]]}
{"pair_dir": "/home/caesar/camera_pose/Interpose/out_interpose_batch_300/pair_00015_9e9a89ae6fed", "selected_variant": "v3_B2A_p2_s2", "D_total": 233.78668886138234, "D_med": 0.35025991716721505, "D_bias": 233.43642894421512, "pose_direction": "A2B", "T_rel_selected": [[0.6049069321771307, -0.05997547035815381, -0.7940343861025846, 0.058602906763553626], [0.1791321234622166, 0.981850211757752, 0.06230373537893744, -0.03565086796879767], [0.7758862581930445, -0.17992501259633245, 0.6046714942813461, -0.2584181725978851], [0.0, 0.0, 0.0, 1.0]]}
{"pair_dir": "/home/caesar/camera_pose/Interpose/out_interpose_batch_300/pair_00016_32c2b92fac40", "selected_variant": "v2_B2A_p1_s1", "D_total": 242.86463606401844, "D_med": 1.3628314382127116, "D_bias": 241.50180462580573, "pose_direction": "A2B", "T_rel_selected": [[0.48320162998173877, -0.14207767246519284, 0.8639043010850448, -0.22725948533994839], [0.2512264905185528, 0.9677490223938067, 0.018639192429525803, -0.0172413666503135], [-0.8386905459856077, 0.20802912689919642, 0.5033115080590713, 0.07231332058660332], [0.0, 0.0, 0.0, 1.0]]}
{"pair_dir": "/home/caesar/camera_pose/Interpose/out_interpose_batch_300/pair_00017_50c46cf8b8b2", "selected_variant": "v0_A2B_p1_s1", "D_total": 241.99059214079003, "D_med": 5.494351416077955, "D_bias": 236.49624072471207, "pose_direction": "A2B", "T_rel_selected": [[0.5553756248365878, -0.13927526862386883, -0.81985404365346, 0.16022278365169232], [0.06226982583848763, 0.9900728964126508, -0.12600965038658876, 0.028068586665694006], [0.829265187868317, 0.018930508549906296, 0.5585348723836897, 0.12242623721624678], [0.0, 0.0, 0.0, 1.0]]}
{"pair_dir": "/home/caesar/camera_pose/Interpose/out_interpose_batch_300/pair_00018_7a9f97660be8", "selected_variant": "v2_B2A_p1_s1", "D_total": 238.54673805289994, "D_med": 0.7004099445699561, "D_bias": 237.84632810832997, "pose_direction": "A2B", "T_rel_selected": [[0.5509205570490066, 0.17608684556589746, -0.8157695383220991, 0.15772978961467743], [0.006370102853614728, 0.9765715637786903, 0.2150985429972001, -0.031813129782676704], [0.834533367202438, -0.12369874991446886, 0.5368916566684809, -0.01910995319485667], [0.0, 0.0, 0.0, 1.0]]}
{"pair_dir": "/home/caesar/camera_pose/Interpose/out_interpose_batch_300/pair_00019_1da888bdedfc", "selected_variant": "v0_A2B_p1_s1", "D_total": 248.12866711104846, "D_med": 0.7074007421146729, "D_bias": 247.42126636893377, "pose_direction": "A2B", "T_rel_selected": [[0.39589632805597885, 0.012077404006329864, 0.9182157104549238, -0.2781998755540406], [0.15727155168533885, 0.9842481054497831, -0.08075486513124146, -0.06337609880932522], [-0.9047274197863528, 0.17637979274160762, 0.3877608264156627, 0.2145278232873054], [0.0, 0.0, 0.0, 1.0]]}
{"pair_dir": "/home/caesar/camera_pose/Interpose/out_interpose_batch_300/pair_00020_ec305787b700", "selected_variant": "v3_B2A_p2_s2", "D_total": 260.1077367536557, "D_med": 3.6052901128701906, "D_bias": 256.5024466407855, "pose_direction": "A2B", "T_rel_selected": [[0.252692066114178, -0.097897063622088, -0.9625812834020047, 0.021909615498550066], [-0.14215771884115194, 0.9803146260508303, -0.13701914701978343, 0.01200668156277943], [0.9570463950509085, 0.1714620410227308, 0.233800990962365, 0.05124012271069202], [0.0, 0.0, 0.0, 1.0]]}
{"pair_dir": "/home/caesar/camera_pose/Interpose/out_interpose_batch_300/pair_00021_0a1b7c20a92c", "selected_variant": "v2_B2A_p1_s1", "D_total": 244.0004076322358, "D_med": 0.6728616752314619, "D_bias": 243.32754595700433, "pose_direction": "A2B", "T_rel_selected": [[0.4491086422258994, -0.30111394109652295, 0.8412087485868185, -0.13400769233703613], [0.32171794803700493, 0.9328469607458858, 0.16215584440784603, -0.027114139869809147], [-0.8335462415976285, 0.19780633495907085, 0.5158232823210601, 0.07776889204978941], [0.0, 0.0, 0.0, 1.0]]}
{"pair_dir": "/home/caesar/camera_pose/Interpose/out_interpose_batch_300/pair_00022_d4fbeba0168a", "selected_variant": "v1_A2B_p2_s2", "D_total": 282.0095970319055, "D_med": 3.737706341485674, "D_bias": 278.27189069041987, "pose_direction": "A2B", "T_rel_selected": [[-0.0979609538065687, -0.20081530124512045, 0.9747185521009638, -0.1374836634874008], [-0.24808142901477728, 0.9534377427690719, 0.1714983064838791, 0.046150340881126406], [-0.9637732096962659, -0.22500952087603632, -0.14321823354909113, 0.34746040283735585], [0.0, 0.0, 0.0, 1.0]]}
{"pair_dir": "/home/caesar/camera_pose/Interpose/out_interpose_batch_300/pair_00023_946f49be7392", "selected_variant": "v1_A2B_p2_s2", "D_total": 246.60156014614017, "D_med": 4.327395746126831, "D_bias": 242.27416440001335, "pose_direction": "A2B", "T_rel_selected": [[0.4657121202373918, 0.24687686304143394, 0.84980208483315, -0.15392162386215508], [-0.2162639917001729, 0.9629309929939287, -0.16122414585134703, 0.03944278002728537], [-0.8581034495255878, -0.10869757782236279, 0.5018393604838195, 0.14847480859627776], [0.0, 0.0, 0.0, 1.0]]}
{"pair_dir": "/home/caesar/camera_pose/Interpose/out_interpose_batch_300/pair_00024_b92b499c9bf9", "selected_variant": "v3_B2A_p2_s2", "D_total": 252.9065966201549, "D_med": 0.7330260156001136, "D_bias": 252.17357060455478, "pose_direction": "A2B", "T_rel_selected": [[0.3065699998726945, -0.1272867432803022, -0.9432989842763584, 0.26698994636535645], [0.16164184492886075, 0.9835861253413214, -0.08018977962244551, 0.11562017351388933], [0.9380229284978108, -0.1278928059458045, 0.32211281607055825, 0.16699680685997015], [0.0, 0.0, 0.0, 1.0]]}
{"pair_dir": "/home/caesar/camera_pose/Interpose/out_interpose_batch_300/pair_00025_9c8c0e0fadd9", "selected_variant": "v3_B2A_p2_s2", "D_total": 237.15555363051877, "D_med": 2.4216577355511824, "D_bias": 234.7338958949676, "pose_direction": "A2B", "T_rel_selected": [[0.6646386994791622, -0.3476008134277847, 0.6613843187439072, -0.11873199849806258], [0.016342289486060143, 0.8917431232399369, 0.45224677444887257, -0.049636060201985625], [-0.7469862273709932, -0.28977213901388255, 0.5983675780765765, 0.05840027226499663], [0.0, 0.0, 0.0, 1.0]]}
{"pair_dir": "/home/caesar/camera_pose/Interpose/out_interpose_batch_300/pair_00026_0bfdd020cf47", "selected_variant": "v1_A2B_p2_s2", "D_total": 239.81340009445316, "D_med": 1.7555543931415785, "D_bias": 238.05784570131158, "pose_direction": "A2B", "T_rel_selected": [[0.5299821427861998, -0.018564453745630344, -0.8478056193452749, 0.07433471083641052], [-0.023010562970451363, 0.999077446068677, -0.03626128045662123, -0.001953544095158577], [0.8476965967186223, 0.03872632340107422, 0.5290660245301279, 0.05082901939749718], [0.0, 0.0, 0.0, 1.0]]}
{"pair_dir": "/home/caesar/camera_pose/Interpose/out_interpose_batch_300/pair_00027_5c3af5810280", "selected_variant": "v0_A2B_p1_s1", "D_total": 236.70431455112993, "D_med": 0.733073849030014, "D_bias": 235.97124070209992, "pose_direction": "A2B", "T_rel_selected": [[0.5596138319874508, 0.0114594116898594, -0.82867440591929, 0.16807893445987598], [-0.014404527009360922, 0.9998879283319926, 0.004099505336296387, -0.04706355853083677], [0.8286283510082607, 0.009642521534483682, 0.559716167297845, 0.12497910697524783], [0.0, 0.0, 0.0, 1.0]]}
{"pair_dir": "/home/caesar/camera_pose/Interpose/out_interpose_batch_300/pair_00028_75fbbe467353", "selected_variant": "v1_A2B_p2_s2", "D_total": 248.86901365031574, "D_med": 1.1380175008096072, "D_bias": 247.73099614950613, "pose_direction": "A2B", "T_rel_selected": [[0.3789601088277437, -0.23937295444827925, 0.8939181786479207, -0.36181581020355225], [0.24259526936620593, 0.9578814226461684, 0.15365725357344548, -0.044613953679800034], [-0.8930491199621718, 0.1586303701656227, 0.4210696276715942, 0.15100188553333282], [0.0, 0.0, 0.0, 1.0]]}
{"pair_dir": "/home/caesar/camera_pose/Interpose/out_interpose_batch_300/pair_00029_2f3e1c0f688c", "selected_variant": "v1_A2B_p2_s2", "D_total": 240.41281318202664, "D_med": 0.6506762908992132, "D_bias": 239.76213689112743, "pose_direction": "A2B", "T_rel_selected": [[0.5036748121934346, -0.10652659611899092, 0.8573004852247081, -0.0982572443508055], [0.09370500524972455, 0.9932500486734732, 0.0683665602687368, -0.011962350295841228], [-0.858796453589995, 0.04589881725805303, 0.5102571002984458, 0.05519807840565818], [0.0, 0.0, 0.0, 1.0]]}
{"pair_dir": "/home/caesar/camera_pose/Interpose/out_interpose_batch_300/pair_00030_70eac6ff18a1", "selected_variant": "v0_A2B_p1_s1", "D_total": 239.34792568915907, "D_med": 2.610628731309055, "D_bias": 236.73729695785002, "pose_direction": "A2B", "T_rel_selected": [[0.5487582144610769, -0.2647159352915211, 0.7929628921954527, -0.42613929510116577], [0.24330990336716782, 0.9580520908864849, 0.15144883115826047, -0.05680945888161659], [-0.7997905727160537, 0.10982690315141647, 0.5901469525953106, 0.15308400988578796], [0.0, 0.0, 0.0, 1.0]]}
{"pair_dir": "/home/caesar/camera_pose/Interpose/out_interpose_batch_300/pair_00031_fb2c0499c225", "selected_variant": "v1_A2B_p2_s2", "D_total": 250.81563275959675, "D_med": 1.2539277611686424, "D_bias": 249.5617049984281, "pose_direction": "A2B", "T_rel_selected": [[0.3499366641781752, -0.012470107109939389, 0.936690174311876, -0.24995786524392868], [-0.03133743904738168, 0.999195705835039, 0.02500954809858023, -0.013097169608946262], [-0.9362488618019632, -0.0381052382408516, 0.34926447839262986, 0.17644015335272958], [0.0, 0.0, 0.0, 1.0]]}
{"pair_dir": "/home/caesar/camera_pose/Interpose/out_interpose_batch_300/pair_00032_5c8dafad7d78", "selected_variant": "v0_A2B_p1_s1", "D_total": 238.39364705382468, "D_med": 0.6662778039095304, "D_bias": 237.72736924991514, "pose_direction": "A2B", "T_rel_selected": [[0.5357027556056629, 0.00668516257061471, -0.8443802418818908, 0.21790774166584015], [0.05037444848137552, 0.9979347113438699, 0.039860102591768753, 0.011479973793029785], [0.8429027371899174, -0.06388835487517586, 0.5342595746277065, 0.09287736564874649], [0.0, 0.0, 0.0, 1.0]]}
{"pair_dir": "/home/caesar/camera_pose/Interpose/out_interpose_batch_300/pair_00033_fb2c0499c225", "selected_variant": "v3_B2A_p2_s2", "D_total": 277.1035599134365, "D_med": 0.5077891190333348, "D_bias": 276.59577079440317, "pose_direction": "A2B", "T_rel_selected": [[-0.11486303012209517, 0.03309792587132272, 0.9928296662429802, -0.2551779984635597], [-0.03489370068088487, 0.9986934069637674, -0.03733034939271423, 0.03880336226052175], [-0.9927681274457651, -0.038931386608082236, -0.11355802843605207, 0.25999544661966467], [0.0, 0.0, 0.0, 1.0]]}
{"pair_dir": "/home/caesar/camera_pose/Interpose/out_interpose_batch_300/pair_00034_8cb2e97d26a6", "selected_variant": "v0_A2B_p1_s1", "D_total": 248.29148941053322, "D_med": 1.530614451280389, "D_bias": 246.76087495925282, "pose_direction": "A2B", "T_rel_selected": [[0.5318385671330641, -0.49394138683388183, 0.6878733326880565, -0.2997455596923828], [0.012471363550195833, 0.8167572155851833, 0.5768467728974752, -0.13843852281570435], [-0.846753917306163, -0.298210627903118, 0.4405431356226937, 0.0874086245894432], [0.0, 0.0, 0.0, 1.0]]}
{"pair_dir": "/home/caesar/camera_pose/Interpose/out_interpose_batch_300/pair_00035_56452d9cd9e2", "selected_variant": "v0_A2B_p1_s1", "D_total": 266.2258949878725, "D_med": 6.613624455842064, "D_bias": 259.61227053203044, "pose_direction": "A2B", "T_rel_selected": [[0.1862040043596166, -0.44721120196838454, 0.8748314362454673, -0.12609828008405183], [0.3197243471003872, 0.8695205029005998, 0.3764443530139585, -0.04733711533198086], [-0.9290341389130038, 0.2096095086620239, 0.3048924893013596, 0.0857396802195283], [0.0, 0.0, 0.0, 1.0]]}
{"pair_dir": "/home/caesar/camera_pose/Interpose/out_interpose_batch_300/pair_00036_341b4ff3dfd3", "selected_variant": "v0_A2B_p1_s1", "D_total": 247.10338395748462, "D_med": 4.684060183831147, "D_bias": 242.41932377365347, "pose_direction": "A2B", "T_rel_selected": [[0.4640603925409491, -0.3995436084165979, 0.790577621217125, -0.21030186116695404], [0.44155840397614954, 0.8780457920167193, 0.18455848033669894, 0.04658029228448868], [-0.7679024782295014, 0.26343988020892745, 0.5838880647991208, 0.024351000785827637], [0.0, 0.0, 0.0, 1.0]]}
{"pair_dir": "/home/caesar/camera_pose/Interpose/out_interpose_batch_300/pair_00037_6d81c5ab0d48", "selected_variant": "v0_A2B_p1_s1", "D_total": 269.85646016313905, "D_med": 1.4094894911358415, "D_bias": 268.4469706720032, "pose_direction": "A2B", "T_rel_selected": [[0.03703324315183483, 0.21130955617391073, 0.976717487399999, -0.37976424134506226], [-0.017017982406793322, 0.9773794902408381, -0.21080754892516013, 0.014527811336534894], [-0.999169251812949, -0.008814881740286978, 0.03979157896618507, 0.6229632978657749], [0.0, 0.0, 0.0, 1.0]]}
{"pair_dir": "/home/caesar/camera_pose/Interpose/out_interpose_batch_300/pair_00038_800cf88687a7", "selected_variant": "v2_B2A_p1_s1", "D_total": 245.20742250818452, "D_med": 0.4887375889630706, "D_bias": 244.71868491922146, "pose_direction": "A2B", "T_rel_selected": [[0.42707611650755034, -0.15045603717956754, 0.8916106141655182, -0.3967680931091308], [0.1558763983520837, 0.9835477039637476, 0.09130625412776248, -0.06294331699609755], [-0.8906788898193161, 0.09998630705743088, 0.4435021940664907, 0.1816765069961547], [0.0, 0.0, 0.0, 1.0]]}
{"pair_dir": "/home/caesar/camera_pose/Interpose/out_interpose_batch_300/pair_00039_9641a1ed7963", "selected_variant": "v3_B2A_p2_s2", "D_total": 246.5711131721916, "D_med": 3.6070830804014498, "D_bias": 242.96403009179014, "pose_direction": "A2B", "T_rel_selected": [[0.5036506096088491, -0.27458583687275967, 0.8191085111879262, -0.10449846730823126], [0.5478140288051664, 0.8346533566712682, -0.0570411331957802, -0.03593731896640144], [-0.6680089796182274, 0.47744785838185017, 0.5707955901023022, 0.0747610635521152], [0.0, 0.0, 0.0, 1.0]]}
{"pair_dir": "/home/caesar/camera_pose/Interpose/out_interpose_batch_300/pair_00040_ef59aac43713", "selected_variant": "v1_A2B_p2_s2", "D_total": 243.93997876433218, "D_med": 0.6030520955115175, "D_bias": 243.33692666882067, "pose_direction": "A2B", "T_rel_selected": [[0.44889136760289133, -0.01667159469623321, 0.893430958552564, -0.2233513724790781], [0.0347469458694027, 0.9993956156144178, 0.0011908170918455353, -0.03366694136640386], [-0.8929107056719543, 0.030509446995004994, 0.4491992861195077, 0.18964169467018088], [0.0, 0.0, 0.0, 1.0]]}
{"pair_dir": "/home/caesar/camera_pose/Interpose/out_interpose_batch_300/pair_00041_ec1e44d4dc0f", "selected_variant": "v3_B2A_p2_s2", "D_total": 232.5097005223473, "D_med": 2.207938879920455, "D_bias": 230.30176164242684, "pose_direction": "A2B", "T_rel_selected": [[0.6399183828210391, 0.19462500339959446, -0.7433880242738481, 0.16970900183502394], [-0.23411677913605902, 0.9707830789865562, 0.05262800853173137, -0.014712526810885394], [0.7319111306586005, 0.14036196336186874, 0.6667868599935551, 0.08429210666658353], [0.0, 0.0, 0.0, 1.0]]}
{"pair_dir": "/home/caesar/camera_pose/Interpose/out_interpose_batch_300/pair_00042_b3bf9079b442", "selected_variant": "v1_A2B_p2_s2", "D_total": 263.1764389741237, "D_med": 0.35811053084028205, "D_bias": 262.8183284432834, "pose_direction": "A2B", "T_rel_selected": [[0.12913243996237062, 0.31402350381054567, 0.9405921895310072, -0.22287600232714552], [-0.1983559845649817, 0.9375435248609554, -0.2857737183217835, 0.03349979911728177], [-0.9715859096979901, -0.1496694464516478, 0.18335575100947107, 0.2121457975343022], [0.0, 0.0, 0.0, 1.0]]}
{"pair_dir": "/home/caesar/camera_pose/Interpose/out_interpose_batch_300/pair_00043_3bb3bb4d3e87", "selected_variant": "v1_A2B_p2_s2", "D_total": 270.057222352939, "D_med": 1.4423040948360553, "D_bias": 268.61491825810293, "pose_direction": "A2B", "T_rel_selected": [[0.02421402695346132, 0.027178335395013083, 0.9993370526794401, -0.1732361763715744], [-0.014370951078897581, 0.9995363537352602, -0.026835544316981052, 0.005653549451380968], [-0.99960329392813, -0.013711627724693266, 0.024593383968832927, 0.15229922533035278], [0.0, 0.0, 0.0, 1.0]]}
{"pair_dir": "/home/caesar/camera_pose/Interpose/out_interpose_batch_300/pair_00044_7da3db99059a", "selected_variant": "v0_A2B_p1_s1", "D_total": 258.9365927736975, "D_med": 2.793551184344, "D_bias": 256.1430415893535, "pose_direction": "A2B", "T_rel_selected": [[0.24049520713657144, -0.04214007165721819, -0.9697351425825095, 0.11465395498899235], [-0.012872932672932366, 0.9988307158772527, -0.04659692989444175, -0.0018356284901165287], [0.9705648618425927, 0.023689676520196247, 0.23967158819157608, 0.054657985132585206], [0.0, 0.0, 0.0, 1.0]]}
{"pair_dir": "/home/caesar/camera_pose/Interpose/out_interpose_batch_300/pair_00045_374ffd0c5ff8", "selected_variant": "v3_B2A_p2_s2", "D_total": 231.1514220158651, "D_med": 1.3606834403805106, "D_bias": 229.7907385754846, "pose_direction": "A2B", "T_rel_selected": [[0.6456134980377026, -0.0046979356431259755, -0.7636499025598186, 0.1862719657106724], [0.011470027054150277, 0.9999279714472293, 0.0035456132790316446, 0.006204096074530861], [0.7635782579877041, -0.011048178099712612, 0.6456208126690546, 0.09482847757438195], [0.0, 0.0, 0.0, 1.0]]}
{"pair_dir": "/home/caesar/camera_pose/Interpose/out_interpose_batch_300/pair_00046_7a9f97660be8", "selected_variant": "v3_B2A_p2_s2", "D_total": 265.42152565707056, "D_med": 0.6016810490525096, "D_bias": 264.81984460801806, "pose_direction": "A2B", "T_rel_selected": [[0.0903043503582221, 0.06217173218826671, 0.9939718306062256, -0.23787452677795293], [-0.05436874149309736, 0.9968691493490606, -0.057413444853677616, -0.007282633540058982], [-0.994429175393463, -0.04885631071841885, 0.09340179324027191, 0.37577823343357736], [0.0, 0.0, 0.0, 1.0]]}
{"pair_dir": "/home/caesar/camera_pose/Interpose/out_interpose_batch_300/pair_00047_387eeb925ba4", "selected_variant": "v3_B2A_p2_s2", "D_total": 266.8238766172145, "D_med": 4.045167459686608, "D_bias": 262.77870915752794, "pose_direction": "A2B", "T_rel_selected": [[0.14246171600197052, 0.29561411599493653, -0.9446252636340473, 0.37304414349790577], [-0.059800383495691056, 0.9551866756373973, 0.2899005714206299, -0.01549385440270706], [0.9879921571300805, 0.015189213179687081, 0.1537553884893085, 0.33648007853898343], [0.0, 0.0, 0.0, 1.0]]}
{"pair_dir": "/home/caesar/camera_pose/Interpose/out_interpose_batch_300/pair_00048_b5faa2a8ce98", "selected_variant": "v0_A2B_p1_s1", "D_total": 242.0503007021527, "D_med": 1.0068699076358456, "D_bias": 241.04343079451684, "pose_direction": "A2B", "T_rel_selected": [[0.49158112802655674, -0.21149153326554387, 0.8447595704882362, -0.09381976339396601], [0.09040127892535794, 0.9772131184980024, 0.19204604919873494, -0.03496634236399565], [-0.8661264717362249, -0.01803886762599151, 0.49949877393330894, 0.0756268793562849], [0.0, 0.0, 0.0, 1.0]]}
{"pair_dir": "/home/caesar/camera_pose/Interpose/out_interpose_batch_300/pair_00049_6d221625614d", "selected_variant": "v2_B2A_p1_s1", "D_total": 236.67905530093634, "D_med": 2.0243986171063515, "D_bias": 234.65465668382998, "pose_direction": "A2B", "T_rel_selected": [[0.6053810938446332, -0.03278984819401345, -0.7952599476143779, 0.16848707199096682], [0.23576218289783188, 0.9616999067747737, 0.13981839833391704, -0.014653125777840607], [0.7602168650584535, -0.27213567182209975, 0.5899256526190105, -0.07439158856868743], [0.0, 0.0, 0.0, 1.0]]}
{"pair_dir": "/home/caesar/camera_pose/Interpose/out_interpose_batch_300/pair_00050_7705a2edd022", "selected_variant": "v3_B2A_p2_s2", "D_total": 242.24478198544432, "D_med": 7.519460658472703, "D_bias": 234.72532132697162, "pose_direction": "A2B", "T_rel_selected": [[0.5962614746434681, 0.3795930852432043, -0.7073762145823053, 0.2281417970713037], [-0.523154454585638, 0.8520824987977261, 0.016268289142531703, -0.06580767434343333], [0.608918227377972, 0.36036687818931706, 0.7066497939343784, 0.1302387567684391], [0.0, 0.0, 0.0, 1.0]]}
{"pair_dir": "/home/caesar/camera_pose/Interpose/out_interpose_batch_300/pair_00051_d1b3a0b37acc", "selected_variant": "v3_B2A_p2_s2", "D_total": 254.01468354313846, "D_med": 1.4647841782386326, "D_bias": 252.54989936489983, "pose_direction": "A2B", "T_rel_selected": [[0.34029418726563176, -0.09899518142957925, 0.935093516807658, -0.14304867386817932], [0.41286171157966367, 0.9091919860108428, -0.05399331732920941, -0.001139960950240493], [-0.8448344818335987, 0.4044378510087672, 0.3502639980134557, 0.0035586538724601356], [0.0, 0.0, 0.0, 1.0]]}
{"pair_dir": "/home/caesar/camera_pose/Interpose/out_interpose_batch_300/pair_00052_0bfdd020cf47", "selected_variant": "v3_B2A_p2_s2", "D_total": 254.3593929346783, "D_med": 4.301170290469406, "D_bias": 250.0582226442089, "pose_direction": "A2B", "T_rel_selected": [[0.3414088780811689, 0.19448239936452677, -0.9195743031666079, 0.06086684913578843], [-0.1649430897622572, 0.9755733877699231, 0.14508759416029463, -0.025863478102515887], [0.9253290307709614, 0.10214322391884922, 0.3651478801965293, 0.15768516298440505], [0.0, 0.0, 0.0, 1.0]]}
{"pair_dir": "/home/caesar/camera_pose/Interpose/out_interpose_batch_300/pair_00053_165f5af8bfe3", "selected_variant": "v2_B2A_p1_s1", "D_total": 249.71453830961735, "D_med": 1.1613189224207647, "D_bias": 248.55321938719658, "pose_direction": "A2B", "T_rel_selected": [[0.36604727950361443, -0.20619555814444465, -0.907465006816926, 0.13350661737605224], [0.174616787533396, 0.9730418512183183, -0.15066024512491177, 0.010356469459692966], [0.9140669286203623, -0.10330983987454773, 0.39218456347997827, 0.23043507319581683], [0.0, 0.0, 0.0, 1.0]]}
{"pair_dir": "/home/caesar/camera_pose/Interpose/out_interpose_batch_300/pair_00054_c37109a55eff", "selected_variant": "v3_B2A_p2_s2", "D_total": 242.65451726556816, "D_med": 1.3771370991936545, "D_bias": 241.2773801663745, "pose_direction": "A2B", "T_rel_selected": [[0.4816555337824409, -0.053728630475283146, -0.8747121135749996, 0.1456305624844914], [0.10099097578325288, 0.9948721747699528, -0.005499233820188253, -0.005798424102923632], [0.8705221452354043, -0.08568929419082175, 0.48461178954173356, 0.13562050333342227], [0.0, 0.0, 0.0, 1.0]]}
{"pair_dir": "/home/caesar/camera_pose/Interpose/out_interpose_batch_300/pair_00055_a401469cb0fa", "selected_variant": "v0_A2B_p1_s1", "D_total": 246.70503095783258, "D_med": 0.9133567428165372, "D_bias": 245.79167421501603, "pose_direction": "A2B", "T_rel_selected": [[0.4970833817791221, -0.31016081938987017, -0.810375336650416, 0.10720746716005883], [-0.10514213311669225, 0.9055198488083852, -0.4110702136432413, 0.05358946086861129], [0.8613089193893302, 0.2895408194281457, 0.41750791309369895, 0.14115654301970826], [0.0, 0.0, 0.0, 1.0]]}
{"pair_dir": "/home/caesar/camera_pose/Interpose/out_interpose_batch_300/pair_00056_c455899acfc8", "selected_variant": "v2_B2A_p1_s1", "D_total": 267.25963678961847, "D_med": 3.6232809963175994, "D_bias": 263.6363557933009, "pose_direction": "A2B", "T_rel_selected": [[0.21500941013965724, 0.6228395299599507, -0.7522247263857975, -0.19213961491199855], [-0.09483060218009944, 0.7799141611758161, 0.6186608139896643, 0.09009766354275617], [0.9719969811046674, -0.06168396407892617, 0.2267531005742127, 0.2990461760506579], [0.0, 0.0, 0.0, 1.0]]}
{"pair_dir": "/home/caesar/camera_pose/Interpose/out_interpose_batch_300/pair_00057_073f5a9b983c", "selected_variant": "v2_B2A_p1_s1", "D_total": 255.91754176683804, "D_med": 1.803261887224489, "D_bias": 254.11427987961355, "pose_direction": "A2B", "T_rel_selected": [[0.29591368267058904, 0.216470901863, -0.9303629675429851, 0.18222176226646894], [0.03235744436524407, 0.9711524689256098, 0.2362532383317669, -0.011403110394733127], [0.9546663935735015, -0.10001474151779802, 0.28037287744121064, 0.19928911789352677], [0.0, 0.0, 0.0, 1.0]]}
{"pair_dir": "/home/caesar/camera_pose/Interpose/out_interpose_batch_300/pair_00058_fb3b73f1d3fe", "selected_variant": "v2_B2A_p1_s1", "D_total": 329.10341215429264, "D_med": 137.92817963171436, "D_bias": 191.17523252257826, "pose_direction": "A2B", "T_rel_selected": [[0.989990343003326, -0.05924318114710161, 0.1281003078319583, 0.03773229569196702], [0.0415659150551385, 0.9897662976514817, 0.13651060244705968, 0.01139341574162245], [-0.13487667555453792, -0.12981953605646168, 0.9823214116671681, 0.007978520356118677], [0.0, 0.0, 0.0, 1.0]]}
{"pair_dir": "/home/caesar/camera_pose/Interpose/out_interpose_batch_300/pair_00059_565553aa894b", "selected_variant": "v3_B2A_p2_s2", "D_total": 265.12047499866924, "D_med": 1.2856479822810116, "D_bias": 263.8348270163882, "pose_direction": "A2B", "T_rel_selected": [[0.12087663674400573, 0.14171237309671889, 0.9825000101531192, -0.3028398904141036], [-0.35250679330312407, 0.9313771534404575, -0.09096981033485366, 0.05120954885976223], [-0.9279696641607448, -0.3353417779118731, 0.16253629981703263, 0.28169935861924933], [0.0, 0.0, 0.0, 1.0]]}
{"pair_dir": "/home/caesar/camera_pose/Interpose/out_interpose_batch_300/pair_00060_a726c1112ad0", "selected_variant": "v2_B2A_p1_s1", "D_total": 263.16970051944014, "D_med": 0.7516056531120208, "D_bias": 262.41809486632815, "pose_direction": "A2B", "T_rel_selected": [[0.13607663706569972, 0.05141018222330959, -0.9893637819745156, 0.5414580702781678], [0.06810058044763014, 0.9958052922832449, 0.06111142795961086, 0.039677340537309654], [0.9883551808329285, -0.07569206617044767, 0.1320047565225307, 0.5767653584480287], [0.0, 0.0, 0.0, 1.0]]}
{"pair_dir": "/home/caesar/camera_pose/Interpose/out_interpose_batch_300/pair_00061_7da3db99059a", "selected_variant": "v1_A2B_p2_s2", "D_total": 257.2307754059115, "D_med": 6.39471682220791, "D_bias": 250.83605858370362, "pose_direction": "A2B", "T_rel_selected": [[0.32894556851352985, -0.03649591864546369, -0.9436434079432989, 0.09925829981445572], [-0.0060098273653247086, 0.9991517413582661, -0.04073770279384828, 0.008725915361043245], [0.9443297382010603, 0.01907162152825826, 0.3284471838737092, 0.0827859703015559], [0.0, 0.0, 0.0, 1.0]]}
{"pair_dir": "/home/caesar/camera_pose/Interpose/out_interpose_batch_300/pair_00062_f004c810d94b", "selected_variant": "v2_B2A_p1_s1", "D_total": 237.96555345425517, "D_med": 0.7227807774165441, "D_bias": 237.24277267683863, "pose_direction": "A2B", "T_rel_selected": [[0.5418090978582767, -0.09300810981411047, 0.8353395227228911, -0.20313437453908337], [0.056614348869401095, 0.9956397079690396, 0.07413559810811854, -0.00755052631165694], [-0.8385925595332215, 0.007124861680167438, 0.544712306607085, 0.14294367604584018], [0.0, 0.0, 0.0, 1.0]]}
{"pair_dir": "/home/caesar/camera_pose/Interpose/out_interpose_batch_300/pair_00063_800cf88687a7", "selected_variant": "v1_A2B_p2_s2", "D_total": 241.14261397465586, "D_med": 3.149563669180887, "D_bias": 237.99305030547498, "pose_direction": "A2B", "T_rel_selected": [[0.5494584000601744, -0.15479551771762015, 0.8210566325059427, -0.39422671364727263], [0.3336712351350621, 0.9415774612469916, -0.0457781918494424, -0.04204753909482843], [-0.7660021036935655, 0.2991161674677296, 0.5690083874372514, -0.012039405017265359], [0.0, 0.0, 0.0, 1.0]]}
{"pair_dir": "/home/caesar/camera_pose/Interpose/out_interpose_batch_300/pair_00064_1da888bdedfc", "selected_variant": "v1_A2B_p2_s2", "D_total": 260.41541606671296, "D_med": 4.122211740165777, "D_bias": 256.2932043265472, "pose_direction": "A2B", "T_rel_selected": [[0.23711877428819259, -0.05715124067566762, 0.9697984030641525, -0.15872559550075538], [0.03470245554309515, 0.998129521408299, 0.050335963417016454, -0.012864917969787244], [-0.9708608825307561, 0.021718781452068726, 0.2386584579157185, 0.17909789796344894], [0.0, 0.0, 0.0, 1.0]]}
{"pair_dir": "/home/caesar/camera_pose/Interpose/out_interpose_batch_300/pair_00065_a62f9a1c6362", "selected_variant": "v3_B2A_p2_s2", "D_total": 256.45763356166, "D_med": 3.492013565934452, "D_bias": 252.96561999572555, "pose_direction": "A2B", "T_rel_selected": [[0.39500611156971416, -0.5163729000552182, 0.7598218833516962, -0.35009785679652455], [0.04509841563895765, 0.836983599598901, 0.5453666175357007, -0.09355888630327827], [-0.9175709478376414, -0.18115633966924868, 0.3539012433197761, 0.16936991093670994], [0.0, 0.0, 0.0, 1.0]]}
{"pair_dir": "/home/caesar/camera_pose/Interpose/out_interpose_batch_300/pair_00066_a726c1112ad0", "selected_variant": "v3_B2A_p2_s2", "D_total": 260.5085147737654, "D_med": 14.100315681427054, "D_bias": 246.40819909233832, "pose_direction": "A2B", "T_rel_selected": [[0.44231312347731166, 0.17667936176829913, -0.8792857130929668, 0.1368731654957111], [-0.46238183987254133, 0.8849876675697047, -0.05477003449401798, 0.0032995727092167528], [0.7684804062046232, 0.43079129505244323, 0.4731350007357196, 0.01570124413476943], [0.0, 0.0, 0.0, 1.0]]}
{"pair_dir": "/home/caesar/camera_pose/Interpose/out_interpose_batch_300/pair_00067_b3bf9079b442", "selected_variant": "v1_A2B_p2_s2", "D_total": 257.0161035663985, "D_med": 0.6894477630236391, "D_bias": 256.3266558033749, "pose_direction": "A2B", "T_rel_selected": [[0.2373718786558077, 0.2620162922180604, 0.9354154944810451, -0.27594821699467653], [-0.20881600686182994, 0.9541894588360578, -0.21428568634394554, 0.052007620920173], [-0.9487099017912481, -0.14446432707256818, 0.2812109128364085, 0.24881963484049974], [0.0, 0.0, 0.0, 1.0]]}
{"pair_dir": "/home/caesar/camera_pose/Interpose/out_interpose_batch_300/pair_00068_7da3db99059a", "selected_variant": "v3_B2A_p2_s2", "D_total": 248.89043381023436, "D_med": 2.804112511626538, "D_bias": 246.08632129860783, "pose_direction": "A2B", "T_rel_selected": [[0.4129141940969335, -0.03878376121315048, -0.9099437982141032, 0.09814565243235392], [-0.09434696265547032, 0.9918964919218108, -0.08508951571532762, -0.021933805561446983], [0.9058701324397066, 0.12098509831217943, 0.4059089994556902, 0.06754967761830663], [0.0, 0.0, 0.0, 1.0]]}
{"pair_dir": "/home/caesar/camera_pose/Interpose/out_interpose_batch_300/pair_00069_f477ffc4b398", "selected_variant": "v1_A2B_p2_s2", "D_total": 239.8982745216145, "D_med": 2.596674439680541, "D_bias": 237.30160008193394, "pose_direction": "A2B", "T_rel_selected": [[0.5416190767851287, 0.25937845689462063, -0.7996070085322905, 0.24670325219631195], [-0.21069873083138474, 0.9627305863528217, 0.16957474582852441, -0.05846000835299492], [0.8137903355908784, 0.07663127235674028, 0.5760839761610081, 0.1132480725646019], [0.0, 0.0, 0.0, 1.0]]}
{"pair_dir": "/home/caesar/camera_pose/Interpose/out_interpose_batch_300/pair_00070_adb95f29c15b", "selected_variant": "v0_A2B_p1_s1", "D_total": 318.7315048303898, "D_med": 98.9409838017598, "D_bias": 219.79052102863, "pose_direction": "A2B", "T_rel_selected": [[0.7831321836371029, 0.1642655908371954, 0.5997670827386852, -0.028206395936067465], [-0.27016856170873504, 0.9585756586807103, 0.09022954281001655, 0.0034104868820347216], [-0.560100551633204, -0.2326998845872897, 0.7950709823903757, -0.0008241453921732303], [0.0, 0.0, 0.0, 1.0]]}
{"pair_dir": "/home/caesar/camera_pose/Interpose/out_interpose_batch_300/pair_00071_ec1e44d4dc0f", "selected_variant": "v2_B2A_p1_s1", "D_total": 246.11070108338356, "D_med": 2.3513904134321537, "D_bias": 243.75931066995142, "pose_direction": "A2B", "T_rel_selected": [[0.4452828764237789, 0.22980810324481557, -0.8653965944162892, 0.2562622427940368], [-0.3093950255716677, 0.9464593739091999, 0.09213779241443931, -0.02870424836874006], [0.8402368246584843, 0.22672203254518297, 0.49254363147421093, 0.11231330037117003], [0.0, 0.0, 0.0, 1.0]]}
