{"pair_dir": "/home/caesar/camera_pose/Interpose/out_interpose_batch_300/pair_00000_5f0041e53d59", "variant": "v0_A2B_p1_s1", "num_subsets": 11, "medoid_subset_idx": 0, "D_med": 0.6898665620765353, "D_bias": 252.441731335066, "D_total": 253.13159789714254, "pose_direction": "A2B", "T_med": [[0.3030201512674879, -0.15546226846689667, 0.9402183115125133, -0.28857628116444767], [0.09476512102748402, 0.98662980965695, 0.13259469177037547, -0.06574474219708186], [-0.9482608614839461, 0.04892103562746702, 0.3137011489770971, 0.26239026145557], [0.0, 0.0, 0.0, 1.0]]}
{"pair_dir": "/home/caesar/camera_pose/Interpose/out_interpose_batch_300/pair_00000_5f0041e53d59", "variant": "v1_A2B_p2_s2", "num_subsets": 11, "medoid_subset_idx": 4, "D_med": 0.8658465233679319, "D_bias": 252.71920847397683, "D_total": 253.58505499734477, "pose_direction": "A2B", "T_med": [[0.29831105839048694, -0.1509887903348427, 0.9424506019582599, -0.26819336658223053], [0.09209061641604965, 0.9873549198471616, 0.12903369157893305, -0.0593269012710017], [-0.9500157458527572, 0.04829867472364761, 0.30844356726144345, 0.24381267698427508], [0.0, 0.0, 0.0, 1.0]]}
{"pair_dir": "/home/caesar/camera_pose/Interpose/out_interpose_batch_300/pair_00000_5f0041e53d59", "variant": "v2_B2A_p1_s1", "num_subsets": 11, "medoid_subset_idx": 2, "D_med": 0.67863816052188, "D_bias": 252.3319612294544, "D_total": 253.01059938997628, "pose_direction": "A2B", "T_med": [[0.3047133296448575, -0.15360499378099646, 0.9399764061525256, -0.25470897430880035], [0.09605300606794251, 0.9868341873483875, 0.13012457854477838, -0.05750223384082471], [-0.9475884882128617, 0.05063686156777533, 0.3154556664996077, 0.22809803987781652], [0.0, 0.0, 0.0, 1.0]]}
{"pair_dir": "/home/caesar/camera_pose/Interpose/out_interpose_batch_300/pair_00000_5f0041e53d59", "variant": "v3_B2A_p2_s2", "num_subsets": 11, "medoid_subset_idx": 8, "D_med": 0.7144409234593418, "D_bias": 252.2688073568198, "D_total": 252.98324828027913, "pose_direction": "A2B", "T_med": [[0.30569477737868417, -0.15218093859648352, 0.9398890104292202, -0.24697954941236902], [0.09632120661872415, 0.9870225887959553, 0.12848445166764358, -0.05565176122131185], [-0.9472446735676389, 0.051254228461326844, 0.31638595062991426, 0.22622505670440587], [0.0, 0.0, 0.0, 1.0]]}
{"pair_dir": "/home/caesar/camera_pose/Interpose/out_interpose_batch_300/pair_00001_d3812aad5382", "variant": "v0_A2B_p1_s1", "num_subsets": 11, "medoid_subset_idx": 9, "D_med": 25.113727537446827, "D_bias": 346.44027381137084, "D_total": 371.5540013488177, "pose_direction": "A2B", "T_med": [[-0.9348864291786296, 0.3088906334208351, 0.17485364745143167, -0.16927847094898102], [0.21746480308521426, 0.8877917793814251, -0.4056288628796805, 0.010809931214955595], [-0.2805286226706148, -0.3411924639323231, -0.8971574388756292, 0.28506676181506263], [0.0, 0.0, 0.0, 1.0]]}
{"pair_dir": "/home/caesar/camera_pose/Interpose/out_interpose_batch_300/pair_00001_d3812aad5382", "variant": "v1_A2B_p2_s2", "num_subsets": 11, "medoid_subset_idx": 3, "D_med": 17.742203328267184, "D_bias": 347.46012059869634, "D_total": 365.2023239269635, "pose_direction": "A2B", "T_med": [[-0.9206186540731223, 0.3644802120905896, 0.14005593664639346, -0.24002845567512687], [0.2738460817077787, 0.858384945576536, -0.4338016419955776, 0.022312813272939304], [-0.27833399950643334, -0.36101206952055337, -0.8900565372295104, 0.3470687471425557], [0.0, 0.0, 0.0, 1.0]]}
{"pair_dir": "/home/caesar/camera_pose/Interpose/out_interpose_batch_300/pair_00001_d3812aad5382", "variant": "v2_B2A_p1_s1", "num_subsets": 11, "medoid_subset_idx": 9, "D_med": 2.2555484151357694, "D_bias": 347.83676162654655, "D_total": 350.0923100416823, "pose_direction": "A2B", "T_med": [[-0.9218692588531179, 0.36374035652741726, 0.13360516655899007, -0.23378960301486865], [0.2756348426017248, 0.8578703414285738, -0.4336867169216736, 0.018251979002763277], [-0.2723652197959053, -0.36297611783655503, -0.8911036455670871, 0.3423666520650913], [0.0, 0.0, 0.0, 1.0]]}
{"pair_dir": "/home/caesar/camera_pose/Interpose/out_interpose_batch_300/pair_00001_d3812aad5382", "variant": "v3_B2A_p2_s2", "num_subsets": 11, "medoid_subset_idx": 10, "D_med": 2.9236308338790007, "D_bias": 349.2770144955033, "D_total": 352.20064532938227, "pose_direction": "A2B", "T_med": [[-0.9259889682792235, 0.36182331711937454, 0.10783295785430524, -0.2037951210334197], [0.2826580349218645, 0.8537235953012494, -0.43733302316850164, 0.017711730672889024], [-0.2502968886850137, -0.3744857664215246, -0.8928110932046792, 0.3106344105177859], [0.0, 0.0, 0.0, 1.0]]}
{"pair_dir": "/home/caesar/camera_pose/Interpose/out_interpose_batch_300/pair_00002_d8de66037bd0", "variant": "v0_A2B_p1_s1", "num_subsets": 11, "medoid_subset_idx": 2, "D_med": 15.445091062537898, "D_bias": 265.07365771112126, "D_total": 280.5187487736591, "pose_direction": "A2B", "T_med": [[0.09172080939411237, -0.07261511872880659, 0.9931335263520727, -0.5431199548618336], [-0.07311912608595225, 0.9941541232328657, 0.07944264518431318, 0.044502029641121044], [-0.993096529641837, -0.07990360275935897, 0.08587505433617183, 0.3289772929820435], [0.0, 0.0, 0.0, 1.0]]}
{"pair_dir": "/home/caesar/camera_pose/Interpose/out_interpose_batch_300/pair_00002_d8de66037bd0", "variant": "v1_A2B_p2_s2", "num_subsets": 11, "medoid_subset_idx": 8, "D_med": 8.458251775841028, "D_bias": 262.74516622448357, "D_total": 271.2034180003246, "pose_direction": "A2B", "T_med": [[0.12800788348881698, -0.02448341436907465, 0.991470854656817, -0.5677814358646286], [-0.05308107552270642, 0.9980931495331671, 0.03150019915157475, 0.032308367860600096], [-0.9903515352892509, -0.05666061798792752, 0.1264642859377762, 0.3272592372123025], [0.0, 0.0, 0.0, 1.0]]}
{"pair_dir": "/home/caesar/camera_pose/Interpose/out_interpose_batch_300/pair_00002_d8de66037bd0", "variant": "v2_B2A_p1_s1", "num_subsets": 11, "medoid_subset_idx": 9, "D_med": 10.479487447927937, "D_bias": 266.1453056729166, "D_total": 276.6247931208445, "pose_direction": "A2B", "T_med": [[0.06976353868867523, -0.046097178315595434, 0.9964979777163644, -0.5169419646263123], [-0.05106633848450364, 0.9974570902557057, 0.049716630062889365, 0.038641121238470084], [-0.9962556814033092, -0.054355906446691846, 0.0672321059339571, 0.3180005550384522], [0.0, 0.0, 0.0, 1.0]]}
{"pair_dir": "/home/caesar/camera_pose/Interpose/out_interpose_batch_300/pair_00002_d8de66037bd0", "variant": "v3_B2A_p2_s2", "num_subsets": 11, "medoid_subset_idx": 0, "D_med": 4.64791709930868, "D_bias": 266.7548440426191, "D_total": 271.4027611419278, "pose_direction": "A2B", "T_med": [[0.05927182771468984, -0.04551007698869437, 0.9972041870999003, -0.531216859817505], [-0.05460277745275081, 0.9973170902707835, 0.04876071130803792, 0.0316501185297966], [-0.9967475500813707, -0.05734024179843852, 0.056627839701428824, 0.3072309792041779], [0.0, 0.0, 0.0, 1.0]]}
{"pair_dir": "/home/caesar/camera_pose/Interpose/out_interpose_batch_300/pair_00003_387eeb925ba4", "variant": "v0_A2B_p1_s1", "num_subsets": 11, "medoid_subset_idx": 1, "D_med": 8.191260215378414, "D_bias": 252.56525930793043, "D_total": 260.75651952330884, "pose_direction": "A2B", "T_med": [[0.3926744071433719, 0.44733914574036404, -0.8035512838606501, 0.32577937841415405], [0.013743858945036602, 0.8707795757535254, 0.49148159381233225, -0.07460209727287292], [0.9195749142390887, -0.20403612287091188, 0.3357846787357427, 0.30335289239883423], [0.0, 0.0, 0.0, 1.0]]}
{"pair_dir": "/home/caesar/camera_pose/Interpose/out_interpose_batch_300/pair_00003_387eeb925ba4", "variant": "v1_A2B_p2_s2", "num_subsets": 11, "medoid_subset_idx": 4, "D_med": 6.683826217686383, "D_bias": 248.31619952052102, "D_total": 255.0000257382074, "pose_direction": "A2B", "T_med": [[0.464287882861679, 0.43269590452743334, -0.772794585504667, 0.34938591718673706], [0.0036619938351180764, 0.8715942044005364, 0.49021494231447876, -0.07684881240129471], [0.8856770108405291, -0.23043077245571547, 0.403086001195132, 0.27410632371902466], [0.0, 0.0, 0.0, 1.0]]}
{"pair_dir": "/home/caesar/camera_pose/Interpose/out_interpose_batch_300/pair_00003_387eeb925ba4", "variant": "v2_B2A_p1_s1", "num_subsets": 11, "medoid_subset_idx": 9, "D_med": 6.329480580890686, "D_bias": 246.07666075286994, "D_total": 252.40614133376062, "pose_direction": "A2B", "T_med": [[0.49826255348598053, 0.4199572559379387, -0.7585315358958632, 0.3136176764965057], [-0.002379335581282087, 0.8755249094135673, 0.48316699830133225, -0.06654998660087584], [0.8670228157943803, -0.23893928769939976, 0.43724048009059735, 0.21947029232978818], [0.0, 0.0, 0.0, 1.0]]}
{"pair_dir": "/home/caesar/camera_pose/Interpose/out_interpose_batch_300/pair_00003_387eeb925ba4", "variant": "v3_B2A_p2_s2", "num_subsets": 11, "medoid_subset_idx": 8, "D_med": 10.08009778264925, "D_bias": 252.56848327849397, "D_total": 262.6485810611432, "pose_direction": "A2B", "T_med": [[0.39941511343067243, 0.45793320267628446, -0.7942071538257943, 0.3200056552886963], [0.016288543286264397, 0.8626284643953378, 0.5055760374872447, -0.07314311712980272], [0.9166256160286013, -0.21487114640103258, 0.3370877151733909, 0.3160752356052398], [0.0, 0.0, 0.0, 1.0]]}
{"pair_dir": "/home/caesar/camera_pose/Interpose/out_interpose_batch_300/pair_00004_493816813d2d", "variant": "v0_A2B_p1_s1", "num_subsets": 11, "medoid_subset_idx": 7, "D_med": 1.7672917623732527, "D_bias": 253.89574211274993, "D_total": 255.66303387512318, "pose_direction": "A2B", "T_med": [[0.2788157312144036, 0.09903562079487516, 0.9552245135088429, -0.12060349434614182], [-0.03497075993645953, 0.9950558065880857, -0.09295779601259888, 0.00864535104483366], [-0.9597077049893135, -0.00748682625627141, 0.28090056624624876, 0.09052290767431259], [0.0, 0.0, 0.0, 1.0]]}
{"pair_dir": "/home/caesar/camera_pose/Interpose/out_interpose_batch_300/pair_00004_493816813d2d", "variant": "v1_A2B_p2_s2", "num_subsets": 11, "medoid_subset_idx": 6, "D_med": 1.1487512021730892, "D_bias": 253.8517585853445, "D_total": 255.0005097875176, "pose_direction": "A2B", "T_med": [[0.2795781668786814, 0.10187172078925777, 0.9547032866806078, -0.13758020102977753], [-0.03729530954916699, 0.9947571335456535, -0.09522399309846707, 0.010430199094116688], [-0.9593983756226668, -0.00898340962852246, 0.28191170676908206, 0.10622014850378036], [0.0, 0.0, 0.0, 1.0]]}
{"pair_dir": "/home/caesar/camera_pose/Interpose/out_interpose_batch_300/pair_00004_493816813d2d", "variant": "v2_B2A_p1_s1", "num_subsets": 11, "medoid_subset_idx": 10, "D_med": 2.655505616374085, "D_bias": 253.80282335855287, "D_total": 256.4583289749269, "pose_direction": "A2B", "T_med": [[0.2804156490749903, 0.102019714541948, 0.9544416933908382, -0.11540918052196501], [-0.03710250510149483, 0.9947447148082971, -0.09542693137986297, 0.008461443707346916], [-0.9591613546269344, -0.008652969637361365, 0.28272720692071207, 0.08465705066919327], [0.0, 0.0, 0.0, 1.0]]}
{"pair_dir": "/home/caesar/camera_pose/Interpose/out_interpose_batch_300/pair_00004_493816813d2d", "variant": "v3_B2A_p2_s2", "num_subsets": 11, "medoid_subset_idx": 1, "D_med": 2.2146474285345397, "D_bias": 253.94971739282786, "D_total": 256.1643648213624, "pose_direction": "A2B", "T_med": [[0.2778782242443961, 0.09674245764328611, 0.9557322429114353, -0.11141723982587061], [-0.033359406363599256, 0.9952874370017795, -0.09104714654835648, 0.00821363978991735], [-0.9600367374242288, -0.006582644321448168, 0.2797960387422467, 0.08382963010322463], [0.0, 0.0, 0.0, 1.0]]}
{"pair_dir": "/home/caesar/camera_pose/Interpose/out_interpose_batch_300/pair_00005_66fd66cbed40", "variant": "v0_A2B_p1_s1", "num_subsets": 11, "medoid_subset_idx": 10, "D_med": 1.3597531797512563, "D_bias": 240.129231978791, "D_total": 241.48898515854228, "pose_direction": "A2B", "T_med": [[0.4987993665603252, 0.014755661913189359, -0.8665918857677413, 0.12543918970060114], [-0.05360390682995609, 0.9984661569631198, -0.013852618082473747, -0.03974992205564587], [0.8650583322735232, 0.05336239227774143, 0.4988252547474067, 0.10399681766181412], [0.0, 0.0, 0.0, 1.0]]}
{"pair_dir": "/home/caesar/camera_pose/Interpose/out_interpose_batch_300/pair_00005_66fd66cbed40", "variant": "v1_A2B_p2_s2", "num_subsets": 11, "medoid_subset_idx": 6, "D_med": 1.3791838121790072, "D_bias": 239.97747431523433, "D_total": 241.35665812741334, "pose_direction": "A2B", "T_med": [[0.5010604528531039, 0.01555299394039064, -0.8652725000178123, 0.12529130362047222], [-0.053431128146907474, 0.9984870102239312, -0.01299331898058458, -0.03935764258069909], [0.8637613072551804, 0.05274292069606274, 0.5011334108347804, 0.10487500248418388], [0.0, 0.0, 0.0, 1.0]]}
{"pair_dir": "/home/caesar/camera_pose/Interpose/out_interpose_batch_300/pair_00005_66fd66cbed40", "variant": "v2_B2A_p1_s1", "num_subsets": 11, "medoid_subset_idx": 4, "D_med": 2.7113937702176165, "D_bias": 239.97127269227627, "D_total": 242.6826664624939, "pose_direction": "A2B", "T_med": [[0.5013897310203563, 0.012108726904942406, -0.8651366419916499, 0.11916159199335873], [-0.055730149579321576, 0.9982775529734077, -0.018326183460279172, -0.03688945150674774], [0.8634247327300997, 0.057402767698309536, 0.5012010164839309, 0.10119418734990318], [0.0, 0.0, 0.0, 1.0]]}
{"pair_dir": "/home/caesar/camera_pose/Interpose/out_interpose_batch_300/pair_00005_66fd66cbed40", "variant": "v3_B2A_p2_s2", "num_subsets": 11, "medoid_subset_idx": 9, "D_med": 1.2314198707736284, "D_bias": 239.84025961519836, "D_total": 241.071679485972, "pose_direction": "A2B", "T_med": [[0.5031860531647931, 0.012576804599549083, -0.8640866410513347, 0.125025884502188], [-0.05175719969260012, 0.998537842484355, -0.015606173258397674, -0.039248066472592824], [0.8626269038477845, 0.05257550459397629, 0.5031011617775517, 0.10712318122697742], [0.0, 0.0, 0.0, 1.0]]}
{"pair_dir": "/home/caesar/camera_pose/Interpose/out_interpose_batch_300/pair_00006_4ff8650b5c11", "variant": "v0_A2B_p1_s1", "num_subsets": 11, "medoid_subset_idx": 8, "D_med": 1.6987876010186216, "D_bias": 263.59500100776575, "D_total": 265.2937886087844, "pose_direction": "A2B", "T_med": [[0.1771783578800537, 0.2182184301004329, -0.9596814256772075, 0.1324904058080359], [-0.6342485595228492, 0.7709351340159688, 0.05820384896514347, -0.041284465198003266], [0.7525533370436814, 0.5983640724418526, 0.2749977819313363, 0.15123630129006724], [0.0, 0.0, 0.0, 1.0]]}
{"pair_dir": "/home/caesar/camera_pose/Interpose/out_interpose_batch_300/pair_00006_4ff8650b5c11", "variant": "v1_A2B_p2_s2", "num_subsets": 11, "medoid_subset_idx": 0, "D_med": 1.544645203377282, "D_bias": 263.6386632346816, "D_total": 265.1833084380589, "pose_direction": "A2B", "T_med": [[0.17511823213888092, 0.22345969977613817, -0.9588533421064087, 0.13955325699414056], [-0.6352031260026711, 0.7697405702206992, 0.06337816507244143, -0.04411796658299155], [0.7522306622262673, 0.5979678744772572, 0.2767378207330606, 0.1612920126925956], [0.0, 0.0, 0.0, 1.0]]}
{"pair_dir": "/home/caesar/camera_pose/Interpose/out_interpose_batch_300/pair_00006_4ff8650b5c11", "variant": "v2_B2A_p1_s1", "num_subsets": 11, "medoid_subset_idx": 10, "D_med": 1.764072380205167, "D_bias": 263.0497840348971, "D_total": 264.81385641510224, "pose_direction": "A2B", "T_med": [[0.188181206674136, 0.21994667930383036, -0.9571892541010419, 0.1379331946372986], [-0.6372080556189911, 0.7689742087155849, 0.051424225443948306, -0.041653387248516104], [0.7473644579382105, 0.6002516374330178, 0.28485834220901535, 0.15673670172691342], [0.0, 0.0, 0.0, 1.0]]}
{"pair_dir": "/home/caesar/camera_pose/Interpose/out_interpose_batch_300/pair_00006_4ff8650b5c11", "variant": "v3_B2A_p2_s2", "num_subsets": 11, "medoid_subset_idx": 7, "D_med": 1.5783867347632512, "D_bias": 263.06583235221717, "D_total": 264.6442190869804, "pose_direction": "A2B", "T_med": [[0.18637597993581492, 0.22144595269411588, -0.9571969069721166, 0.1397523563744545], [-0.6346295165663502, 0.7708733027279985, 0.054771460339183654, -0.04258813847126487], [0.7500064178289063, 0.597257292013454, 0.28420838997155706, 0.1578826464038524], [0.0, 0.0, 0.0, 1.0]]}
{"pair_dir": "/home/caesar/camera_pose/Interpose/out_interpose_batch_300/pair_00007_5c8dafad7d78", "variant": "v0_A2B_p1_s1", "num_subsets": 11, "medoid_subset_idx": 4, "D_med": 1.0863119681992885, "D_bias": 239.61523269727766, "D_total": 240.70154466547694, "pose_direction": "A2B", "T_med": [[0.5070528462105824, -0.008126368705703666, -0.8618766432047485, 0.23562654852867126], [-0.04147866833074309, 0.9985669121145841, -0.03381759986176736, 0.015218460001051426], [0.860916353071671, 0.05289680479669834, 0.5059891171424046, 0.031914886087179184], [0.0, 0.0, 0.0, 1.0]]}
{"pair_dir": "/home/caesar/camera_pose/Interpose/out_interpose_batch_300/pair_00007_5c8dafad7d78", "variant": "v1_A2B_p2_s2", "num_subsets": 11, "medoid_subset_idx": 4, "D_med": 0.5387617712937163, "D_bias": 239.77107466063356, "D_total": 240.30983643192727, "pose_direction": "A2B", "T_med": [[0.504887568490072, -0.010587138712761884, -0.8631198626715164, 0.21932414174079895], [-0.04264429276224, 0.998397632042942, -0.037191523269457835, 0.014800322242081165], [0.8621307417005283, 0.05558468838334741, 0.503627209634241, 0.03272450715303421], [0.0, 0.0, 0.0, 1.0]]}
{"pair_dir": "/home/caesar/camera_pose/Interpose/out_interpose_batch_300/pair_00007_5c8dafad7d78", "variant": "v2_B2A_p1_s1", "num_subsets": 11, "medoid_subset_idx": 9, "D_med": 0.35456275221323974, "D_bias": 239.73404655169708, "D_total": 240.08860930391032, "pose_direction": "A2B", "T_med": [[0.5053541939660405, -0.009792526030321717, -0.8628564857365629, 0.22756196558475492], [-0.041684757191435606, 0.9984912362655185, -0.035745591537108476, 0.015110605396330357], [0.8619046777709714, 0.05403214399401143, 0.5041835378577698, 0.035567294806241954], [0.0, 0.0, 0.0, 1.0]]}
{"pair_dir": "/home/caesar/camera_pose/Interpose/out_interpose_batch_300/pair_00007_5c8dafad7d78", "variant": "v3_B2A_p2_s2", "num_subsets": 11, "medoid_subset_idx": 4, "D_med": 0.48767508192453857, "D_bias": 239.6532747490163, "D_total": 240.14094983094085, "pose_direction": "A2B", "T_med": [[0.5065941678402415, -0.010374326389905776, -0.8621222930591861, 0.22476617991924286], [-0.041475826028116045, 0.9984767822270609, -0.036386877042737034, 0.01504872739315033], [0.861186528388992, 0.054190608835869965, 0.5053921763694631, 0.03411438688635828], [0.0, 0.0, 0.0, 1.0]]}
{"pair_dir": "/home/caesar/camera_pose/Interpose/out_interpose_batch_300/pair_00008_a62c330f5403", "variant": "v0_A2B_p1_s1", "num_subsets": 11, "medoid_subset_idx": 1, "D_med": 3.707832757480932, "D_bias": 242.5106771496648, "D_total": 246.21850990714572, "pose_direction": "A2B", "T_med": [[0.5640830079168757, -0.21273478033828738, 0.797843490023275, -0.06865317680783373], [-0.21002384111977931, 0.8974990456480582, 0.38779553925053695, -0.0003628058124857987], [-0.7985613567672871, -0.38631504304664577, 0.4615845654217606, 0.06118352682755797], [0.0, 0.0, 0.0, 1.0]]}
{"pair_dir": "/home/caesar/camera_pose/Interpose/out_interpose_batch_300/pair_00008_a62c330f5403", "variant": "v1_A2B_p2_s2", "num_subsets": 11, "medoid_subset_idx": 0, "D_med": 1.480614887939116, "D_bias": 242.65004239020604, "D_total": 244.13065727814515, "pose_direction": "A2B", "T_med": [[0.5596743881179849, -0.21407471779367546, 0.8005851622905052, -0.07945349598904444], [-0.20612367153547104, 0.8997389857437578, 0.38468550464734974, 0.00014319186705686465], [-0.802669085587059, -0.3803181631681117, 0.4594350009863743, 0.06848899644324108], [0.0, 0.0, 0.0, 1.0]]}
{"pair_dir": "/home/caesar/camera_pose/Interpose/out_interpose_batch_300/pair_00008_a62c330f5403", "variant": "v2_B2A_p1_s1", "num_subsets": 11, "medoid_subset_idx": 1, "D_med": 2.851077622540493, "D_bias": 242.77734127166806, "D_total": 245.62841889420855, "pose_direction": "A2B", "T_med": [[0.5614520108039115, -0.21312607604166153, 0.7995928236764568, -0.06865906462789094], [-0.21400386342200542, 0.8959974767324715, 0.3890896937259946, -0.0019408897798162046], [-0.7993582931455699, -0.3895711593407519, 0.45744976901773066, 0.055628278835428396], [0.0, 0.0, 0.0, 1.0]]}
{"pair_dir": "/home/caesar/camera_pose/Interpose/out_interpose_batch_300/pair_00008_a62c330f5403", "variant": "v3_B2A_p2_s2", "num_subsets": 11, "medoid_subset_idx": 6, "D_med": 2.6110030204632113, "D_bias": 242.8355403263219, "D_total": 245.44654334678512, "pose_direction": "A2B", "T_med": [[0.557624181788683, -0.21257284536395976, 0.8024140353661887, -0.0741488095674093], [-0.21034301986659415, 0.8989212017988201, 0.384313525364838, 0.0018582185519079501], [-0.8030015388799605, -0.38308463962090006, 0.45654689240028623, 0.06754891126013253], [0.0, 0.0, 0.0, 1.0]]}
{"pair_dir": "/home/caesar/camera_pose/Interpose/out_interpose_batch_300/pair_00009_ba55c875d20c", "variant": "v0_A2B_p1_s1", "num_subsets": 11, "medoid_subset_idx": 7, "D_med": 4.258632797374198, "D_bias": 231.13090449599557, "D_total": 235.38953729336976, "pose_direction": "A2B", "T_med": [[0.6277215220551745, 0.08175455626686182, 0.7741331552310841, -0.17901258170604706], [-0.09794290738979557, 0.9948616461849593, -0.02564625753918845, -0.013597091659903526], [-0.7722520771379873, -0.05972213361895363, 0.6325032187156246, -0.024165114387869835], [0.0, 0.0, 0.0, 1.0]]}
{"pair_dir": "/home/caesar/camera_pose/Interpose/out_interpose_batch_300/pair_00009_ba55c875d20c", "variant": "v1_A2B_p2_s2", "num_subsets": 11, "medoid_subset_idx": 8, "D_med": 2.5336542717325257, "D_bias": 231.81420693394017, "D_total": 234.3478612056727, "pose_direction": "A2B", "T_med": [[0.6186693322938666, 0.08640117939909848, 0.7808860843165722, -0.1756320595741272], [-0.11255591064485504, 0.9934288078326973, -0.020743793141033116, -0.014989946037530899], [-0.7775470916725324, -0.0750598005427678, 0.6243288939192759, -0.02952566184103489], [0.0, 0.0, 0.0, 1.0]]}
{"pair_dir": "/home/caesar/camera_pose/Interpose/out_interpose_batch_300/pair_00009_ba55c875d20c", "variant": "v2_B2A_p1_s1", "num_subsets": 11, "medoid_subset_idx": 7, "D_med": 4.242380787615129, "D_bias": 231.22160653285806, "D_total": 235.4639873204732, "pose_direction": "A2B", "T_med": [[0.6271023180900691, 0.07443370255580752, 0.7753721919799618, -0.17141361647142966], [-0.10857365498064589, 0.9940590661620484, -0.007615329794385012, -0.01703951916254154], [-0.7713327585499996, -0.07940941062654187, 0.6314583646803652, -0.028651760984792756], [0.0, 0.0, 0.0, 1.0]]}
{"pair_dir": "/home/caesar/camera_pose/Interpose/out_interpose_batch_300/pair_00009_ba55c875d20c", "variant": "v3_B2A_p2_s2", "num_subsets": 11, "medoid_subset_idx": 4, "D_med": 2.1516692727586353, "D_bias": 231.46520917447353, "D_total": 233.61687844723215, "pose_direction": "A2B", "T_med": [[0.6236046739719662, 0.08260690396133163, 0.7773631297800757, -0.17502477765083313], [-0.11279653649785466, 0.9935036275823047, -0.015089230059567407, -0.01625785976648331], [-0.7735595360488641, -0.07827414837615651, 0.6288711641063397, -0.03169483691453934], [0.0, 0.0, 0.0, 1.0]]}
{"pair_dir": "/home/caesar/camera_pose/Interpose/out_interpose_batch_300/pair_00010_d9f4c746e6fa", "variant": "v0_A2B_p1_s1", "num_subsets": 11, "medoid_subset_idx": 8, "D_med": 1.4526721386505237, "D_bias": 245.68317226045406, "D_total": 247.13584439910457, "pose_direction": "A2B", "T_med": [[0.41227055280307334, -0.07707801061304252, 0.907795243646959, -0.21422803401947021], [0.11078856758658297, 0.9932616379053397, 0.03402063988414182, -0.04483969137072563], [-0.9043003171608464, 0.0865476160040163, 0.41803184829887585, 0.05805113539099693], [0.0, 0.0, 0.0, 1.0]]}
{"pair_dir": "/home/caesar/camera_pose/Interpose/out_interpose_batch_300/pair_00010_d9f4c746e6fa", "variant": "v1_A2B_p2_s2", "num_subsets": 11, "medoid_subset_idx": 2, "D_med": 1.3544019998786987, "D_bias": 245.6691402248219, "D_total": 247.02354222470058, "pose_direction": "A2B", "T_med": [[0.4124604028545574, -0.07319259227981594, 0.9080306663700413, -0.2267768383026123], [0.1057456649255132, 0.9938758452873269, 0.03207870593027221, -0.04755428433418274], [-0.9048174584849245, 0.08278909951167442, 0.4176741217889201, 0.06791722774505615], [0.0, 0.0, 0.0, 1.0]]}
{"pair_dir": "/home/caesar/camera_pose/Interpose/out_interpose_batch_300/pair_00010_d9f4c746e6fa", "variant": "v2_B2A_p1_s1", "num_subsets": 11, "medoid_subset_idx": 7, "D_med": 1.3162164915038477, "D_bias": 245.34304892793756, "D_total": 246.6592654194414, "pose_direction": "A2B", "T_med": [[0.41757613863414783, -0.08159281716108513, 0.9049710899154368, -0.2460062950849533], [0.11163299864987186, 0.9930218629440294, 0.038021290005124934, -0.052877206355333335], [-0.9017583613405348, 0.08514786027955878, 0.42377070313819387, 0.06136592477560045], [0.0, 0.0, 0.0, 1.0]]}
{"pair_dir": "/home/caesar/camera_pose/Interpose/out_interpose_batch_300/pair_00010_d9f4c746e6fa", "variant": "v3_B2A_p2_s2", "num_subsets": 11, "medoid_subset_idx": 1, "D_med": 1.1188801741923569, "D_bias": 245.1972855441911, "D_total": 246.31616571838344, "pose_direction": "A2B", "T_med": [[0.41979327580635073, -0.08080900925175462, 0.904015181105517, -0.201033741235733], [0.10697227763305688, 0.9934914926692503, 0.03913300124690628, -0.04361863061785697], [-0.9012937467521429, 0.08027679714369969, 0.4257054095541583, 0.053076364099979415], [0.0, 0.0, 0.0, 1.0]]}
{"pair_dir": "/home/caesar/camera_pose/Interpose/out_interpose_batch_300/pair_00011_5a69d1027b47", "variant": "v0_A2B_p1_s1", "num_subsets": 11, "medoid_subset_idx": 2, "D_med": 1.215026533724409, "D_bias": 259.47607386300456, "D_total": 260.691100396729, "pose_direction": "A2B", "T_med": [[0.18424068818335912, 0.08228004504240354, -0.9794311362267538, 0.14738835394382477], [-0.010227658851166018, 0.9965963835311612, 0.0817981344937772, -0.0045279935002326965], [0.9828278722481274, -0.005053256975835932, 0.18445514204127403, 0.05079830437898636], [0.0, 0.0, 0.0, 1.0]]}
{"pair_dir": "/home/caesar/camera_pose/Interpose/out_interpose_batch_300/pair_00011_5a69d1027b47", "variant": "v1_A2B_p2_s2", "num_subsets": 11, "medoid_subset_idx": 8, "D_med": 4.24066772558393, "D_bias": 259.8244813914063, "D_total": 264.06514911699026, "pose_direction": "A2B", "T_med": [[0.17809695163938946, 0.07602917691822147, -0.9810712184186912, 0.16043627262115479], [-0.00746087564156526, 0.9970861790243652, 0.07591585919007515, -0.0035769206006079912], [0.9839845755983234, -0.006200734928316837, 0.1781452617290516, 0.055401843041181564], [0.0, 0.0, 0.0, 1.0]]}
{"pair_dir": "/home/caesar/camera_pose/Interpose/out_interpose_batch_300/pair_00011_5a69d1027b47", "variant": "v2_B2A_p1_s1", "num_subsets": 11, "medoid_subset_idx": 0, "D_med": 3.991236470391913, "D_bias": 257.84469489982393, "D_total": 261.83593137021586, "pose_direction": "A2B", "T_med": [[0.2109848661136284, 0.056682864047569594, -0.97584450564108, 0.14365714788436887], [-0.020190766672849945, 0.9983569859841338, 0.053625135845116224, 0.0024444006849080315], [0.9772807945993107, 0.008388959258958644, 0.21178270056145168, 0.04759019240736961], [0.0, 0.0, 0.0, 1.0]]}
{"pair_dir": "/home/caesar/camera_pose/Interpose/out_interpose_batch_300/pair_00011_5a69d1027b47", "variant": "v3_B2A_p2_s2", "num_subsets": 11, "medoid_subset_idx": 9, "D_med": 1.0133191338004106, "D_bias": 258.9195167226854, "D_total": 259.9328358564858, "pose_direction": "A2B", "T_med": [[0.19331519577406026, 0.07492551856965676, -0.9782716379105917, 0.15535745024681089], [-0.01467186325008783, 0.9971890879676509, 0.07347511565678178, -0.0023691756650805443], [0.9810269271957907, 0.00014920636792152157, 0.1938711094444466, 0.05331049486994743], [0.0, 0.0, 0.0, 1.0]]}
{"pair_dir": "/home/caesar/camera_pose/Interpose/out_interpose_batch_300/pair_00012_2beaca318994", "variant": "v0_A2B_p1_s1", "num_subsets": 11, "medoid_subset_idx": 7, "D_med": 2.168116447483585, "D_bias": 235.1315272098654, "D_total": 237.29964365734898, "pose_direction": "A2B", "T_med": [[0.5846280819179669, -0.02929448824723213, -0.8107724926649607, 0.3936263918876648], [-0.11708066970398884, 0.9858405886289568, -0.12004397290413164, -0.01610555499792099], [0.8028089621692248, 0.1651068514788208, 0.5729203200849496, 0.0556071475148201], [0.0, 0.0, 0.0, 1.0]]}
{"pair_dir": "/home/caesar/camera_pose/Interpose/out_interpose_batch_300/pair_00012_2beaca318994", "variant": "v1_A2B_p2_s2", "num_subsets": 11, "medoid_subset_idx": 7, "D_med": 2.859809093691542, "D_bias": 235.66438935475315, "D_total": 238.5241984484447, "pose_direction": "A2B", "T_med": [[0.5769168631794664, -0.0298573221016302, -0.8162569854376417, 0.4254070520401001], [-0.11755228073212294, 0.9858932607188843, -0.11914634540903278, -0.017052333801984787], [0.8082996952569262, 0.16469042183090485, 0.5652686344200517, 0.06112789362668991], [0.0, 0.0, 0.0, 1.0]]}
{"pair_dir": "/home/caesar/camera_pose/Interpose/out_interpose_batch_300/pair_00012_2beaca318994", "variant": "v2_B2A_p1_s1", "num_subsets": 11, "medoid_subset_idx": 2, "D_med": 2.630789617663393, "D_bias": 235.64711756981623, "D_total": 238.27790718747963, "pose_direction": "A2B", "T_med": [[0.5789038921268292, -0.031814247350141794, -0.8147751123929036, 0.33776465058326727], [-0.12483042475464318, 0.9840017693843625, -0.12711492959253518, -0.012376966886222359], [0.8057841032691809, 0.1752960010126497, 0.5656708881463781, 0.05141254886984825], [0.0, 0.0, 0.0, 1.0]]}
{"pair_dir": "/home/caesar/camera_pose/Interpose/out_interpose_batch_300/pair_00012_2beaca318994", "variant": "v3_B2A_p2_s2", "num_subsets": 11, "medoid_subset_idx": 3, "D_med": 3.29065174310925, "D_bias": 235.39228849107946, "D_total": 238.6829402341887, "pose_direction": "A2B", "T_med": [[0.5796394695509811, -0.025968584165211455, -0.8144592465299942, 0.32723248004913336], [-0.11399524600931216, 0.987079601705672, -0.11260135395127602, -0.01328533980995417], [0.8068601629365739, 0.1581126783172708, 0.5691899824202225, 0.036260168999433545], [0.0, 0.0, 0.0, 1.0]]}
{"pair_dir": "/home/caesar/camera_pose/Interpose/out_interpose_batch_300/pair_00013_c37109a55eff", "variant": "v0_A2B_p1_s1", "num_subsets": 11, "medoid_subset_idx": 10, "D_med": 12.972077257601821, "D_bias": 244.52317417004605, "D_total": 257.4952514276479, "pose_direction": "A2B", "T_med": [[0.43188696217344513, 0.05598308063456441, -0.9001886578796047, 0.18386026804735794], [0.006893029528674432, 0.997837809855997, 0.06536299607585765, -0.021725852893202717], [0.9019014277309207, -0.034434473910461824, 0.43056722183800783, 0.07860754253579333], [0.0, 0.0, 0.0, 1.0]]}
{"pair_dir": "/home/caesar/camera_pose/Interpose/out_interpose_batch_300/pair_00013_c37109a55eff", "variant": "v1_A2B_p2_s2", "num_subsets": 11, "medoid_subset_idx": 0, "D_med": 7.792620711208007, "D_bias": 240.7607577457992, "D_total": 248.5533784570072, "pose_direction": "A2B", "T_med": [[0.4901142236184002, 0.07806392039174395, -0.8681556738595775, 0.19351760463836193], [-0.020025270264516268, 0.996727243106121, 0.078319790147359, -0.02774409395889421], [0.8714281704876473, -0.021000588809026534, 0.49007336268822665, 0.07520043599918576], [0.0, 0.0, 0.0, 1.0]]}
{"pair_dir": "/home/caesar/camera_pose/Interpose/out_interpose_batch_300/pair_00013_c37109a55eff", "variant": "v2_B2A_p1_s1", "num_subsets": 11, "medoid_subset_idx": 2, "D_med": 26.45247875058545, "D_bias": 234.90228906113, "D_total": 261.3547678117155, "pose_direction": "A2B", "T_med": [[0.5752322364945024, 0.25500174837831474, -0.7772268916416939, 0.141093885178662], [-0.2349654125193295, 0.9616335521687945, 0.14160416447854374, -0.038735860003277146], [0.7835169904756792, 0.10116616315329502, 0.6130793416374516, 0.043638583961176015], [0.0, 0.0, 0.0, 1.0]]}
{"pair_dir": "/home/caesar/camera_pose/Interpose/out_interpose_batch_300/pair_00013_c37109a55eff", "variant": "v3_B2A_p2_s2", "num_subsets": 11, "medoid_subset_idx": 6, "D_med": 19.134316685660913, "D_bias": 236.6280172856169, "D_total": 255.7623339712778, "pose_direction": "A2B", "T_med": [[0.5503141439328584, 0.24359458091651967, -0.7986338353932317, 0.14775648832721747], [-0.2235787820291531, 0.9645581744970976, 0.14014254208455396, -0.03485425628801638], [0.804466865938426, 0.10143516357425815, 0.5852725591501495, 0.03461670700241742], [0.0, 0.0, 0.0, 1.0]]}
{"pair_dir": "/home/caesar/camera_pose/Interpose/out_interpose_batch_300/pair_00014_2cbfe28643b6", "variant": "v0_A2B_p1_s1", "num_subsets": 11, "medoid_subset_idx": 5, "D_med": 0.969410753038289, "D_bias": 237.66754792593198, "D_total": 238.63695867897027, "pose_direction": "A2B", "T_med": [[0.5352979490934504, -0.18520959243793889, 0.8241079478286543, -0.1195298947153819], [0.15635436188661864, 0.9805301208755606, 0.1188041207843692, -0.03480836569988019], [-0.8300661005138292, 0.06525727352487762, 0.5538339624047511, 0.1927626059491913], [0.0, 0.0, 0.0, 1.0]]}
{"pair_dir": "/home/caesar/camera_pose/Interpose/out_interpose_batch_300/pair_00014_2cbfe28643b6", "variant": "v1_A2B_p2_s2", "num_subsets": 11, "medoid_subset_idx": 3, "D_med": 0.6372626271158299, "D_bias": 237.52352953192525, "D_total": 238.16079215904108, "pose_direction": "A2B", "T_med": [[0.5377430984408789, -0.19031774010466956, 0.8213472253542341, -0.11348556870551589], [0.1529008591118496, 0.9800489632528705, 0.12698563037500682, -0.035104512492186275], [-0.829128207645554, 0.05729907006602147, 0.5561143569796746, 0.18834443153514602], [0.0, 0.0, 0.0, 1.0]]}
{"pair_dir": "/home/caesar/camera_pose/Interpose/out_interpose_batch_300/pair_00014_2cbfe28643b6", "variant": "v2_B2A_p1_s1", "num_subsets": 11, "medoid_subset_idx": 6, "D_med": 1.5149999539387082, "D_bias": 237.67673424200268, "D_total": 239.1917341959414, "pose_direction": "A2B", "T_med": [[0.5353845511023946, -0.18622797235619382, 0.823821972345195, -0.1229821278323515], [0.15116272078621484, 0.9807678546021904, 0.12346868321885726, -0.037395180494149534], [-0.8309714278935019, 0.0584279406015685, 0.5532386658852697, 0.20578233725734008], [0.0, 0.0, 0.0, 1.0]]}
{"pair_dir": "/home/caesar/camera_pose/Interpose/out_interpose_batch_300/pair_00014_2cbfe28643b6", "variant": "v3_B2A_p2_s2", "num_subsets": 11, "medoid_subset_idx": 10, "D_med": 1.3044851699008122, "D_bias": 237.5904537792641, "D_total": 238.8949389491649, "pose_direction": "A2B", "T_med": [[0.5365624008352105, -0.1880117317556231, 0.8226494774843803, -0.11306433551356565], [0.15550143733760108, 0.9801986585535677, 0.12259490822415278, -0.034530538888459104], [-0.829409382614421, 0.06214336375625879, 0.5551738676819573, 0.18830957910352117], [0.0, 0.0, 0.0, 1.0]]}
{"pair_dir": "/home/caesar/camera_pose/Interpose/out_interpose_batch_300/pair_00015_9e9a89ae6fed", "variant": "v0_A2B_p1_s1", "num_subsets": 11, "medoid_subset_idx": 10, "D_med": 0.6750893173536546, "D_bias": 233.71688261207532, "D_total": 234.391971929429, "pose_direction": "A2B", "T_med": [[0.6010942364457716, -0.062071940119960166, -0.7967641603845426, 0.06387027256588558], [0.18256536500262116, 0.9812820688812379, 0.06128401861012037, -0.03990847260307713], [0.7780461923875633, -0.1822989651621314, 0.6011750557890455, -0.28193930803909534], [0.0, 0.0, 0.0, 1.0]]}
{"pair_dir": "/home/caesar/camera_pose/Interpose/out_interpose_batch_300/pair_00015_9e9a89ae6fed", "variant": "v1_A2B_p2_s2", "num_subsets": 11, "medoid_subset_idx": 2, "D_med": 0.7785218366943042, "D_bias": 233.56154520576473, "D_total": 234.34006704245903, "pose_direction": "A2B", "T_med": [[0.6038950097416386, -0.057377139200402744, -0.7949963435358223, 0.05471134930849075], [0.1814236717349444, 0.9811200178900339, 0.06700279734832766, -0.03621232509613037], [0.7761422462726185, -0.18469375829589266, 0.6029029076888054, -0.24772706627845764], [0.0, 0.0, 0.0, 1.0]]}
{"pair_dir": "/home/caesar/camera_pose/Interpose/out_interpose_batch_300/pair_00015_9e9a89ae6fed", "variant": "v2_B2A_p1_s1", "num_subsets": 11, "medoid_subset_idx": 3, "D_med": 0.5673575431312318, "D_bias": 233.6633938517656, "D_total": 234.23075139489683, "pose_direction": "A2B", "T_med": [[0.6015258082793353, -0.05868859326811468, -0.7966946897242451, 0.05869268998503678], [0.1771259875943512, 0.9822725318828546, 0.06137566083927416, -0.036496277898550034], [0.7789692682211155, -0.1780343776779098, 0.6012575873462827, -0.2745406925678254], [0.0, 0.0, 0.0, 1.0]]}
{"pair_dir": "/home/caesar/camera_pose/Interpose/out_interpose_batch_300/pair_00015_9e9a89ae6fed", "variant": "v3_B2A_p2_s2", "num_subsets": 11, "medoid_subset_idx": 7, "D_med": 0.35025991716721505, "D_bias": 233.43642894421512, "D_total": 233.78668886138234, "pose_direction": "A2B", "T_med": [[0.6049069321771307, -0.05997547035815381, -0.7940343861025846, 0.058602906763553626], [0.1791321234622166, 0.981850211757752, 0.06230373537893744, -0.03565086796879767], [0.7758862581930445, -0.17992501259633245, 0.6046714942813461, -0.2584181725978851], [0.0, 0.0, 0.0, 1.0]]}
{"pair_dir": "/home/caesar/camera_pose/Interpose/out_interpose_batch_300/pair_00016_32c2b92fac40", "variant": "v0_A2B_p1_s1", "num_subsets": 11, "medoid_subset_idx": 9, "D_med": 0.7584279190947263, "D_bias": 242.30024793820348, "D_total": 243.0586758572982, "pose_direction": "A2B", "T_med": [[0.4697213860128796, -0.1426995696769403, 0.8712052912886633, -0.2270115830973912], [0.24201864238842744, 0.9698566701830263, 0.02837081534324144, -0.018924757617472563], [-0.8489926747771035, 0.1975215471655807, 0.4900983724496795, 0.0739063692667117], [0.0, 0.0, 0.0, 1.0]]}
{"pair_dir": "/home/caesar/camera_pose/Interpose/out_interpose_batch_300/pair_00016_32c2b92fac40", "variant": "v1_A2B_p2_s2", "num_subsets": 11, "medoid_subset_idx": 0, "D_med": 0.9954977672425549, "D_bias": 242.4113992329275, "D_total": 243.40689700017006, "pose_direction": "A2B", "T_med": [[0.46947269820760734, -0.13332136790973817, 0.8728236367486498, -0.23741542481037223], [0.24670030129161913, 0.9689709715737576, 0.01531292966047131, -0.016702658295766434], [-0.8477822050850742, 0.208136806675346, 0.4877957543681824, 0.07607521462852326], [0.0, 0.0, 0.0, 1.0]]}
{"pair_dir": "/home/caesar/camera_pose/Interpose/out_interpose_batch_300/pair_00016_32c2b92fac40", "variant": "v2_B2A_p1_s1", "num_subsets": 11, "medoid_subset_idx": 8, "D_med": 1.3628314382127116, "D_bias": 241.50180462580573, "D_total": 242.86463606401844, "pose_direction": "A2B", "T_med": [[0.48320162998173877, -0.14207767246519284, 0.8639043010850448, -0.22725948533994839], [0.2512264905185528, 0.9677490223938067, 0.018639192429525803, -0.0172413666503135], [-0.8386905459856077, 0.20802912689919642, 0.5033115080590713, 0.07231332058660332], [0.0, 0.0, 0.0, 1.0]]}
{"pair_dir": "/home/caesar/camera_pose/Interpose/out_interpose_batch_300/pair_00016_32c2b92fac40", "variant": "v3_B2A_p2_s2", "num_subsets": 11, "medoid_subset_idx": 8, "D_med": 0.9593556901852818, "D_bias": 242.6746804893618, "D_total": 243.63403617954708, "pose_direction": "A2B", "T_med": [[0.46492829459548995, -0.13117114758366705, 0.8755773342123576, -0.23679952112737757], [0.2408953339600172, 0.9703939568446048, 0.01746121057380135, -0.017261707141309087], [-0.8519454924377202, 0.2028043309264922, 0.48276214353176017, 0.08029165838011534], [0.0, 0.0, 0.0, 1.0]]}
{"pair_dir": "/home/caesar/camera_pose/Interpose/out_interpose_batch_300/pair_00017_50c46cf8b8b2", "variant": "v0_A2B_p1_s1", "num_subsets": 11, "medoid_subset_idx": 9, "D_med": 5.494351416077955, "D_bias": 236.49624072471207, "D_total": 241.99059214079003, "pose_direction": "A2B", "T_med": [[0.5553756248365878, -0.13927526862386883, -0.81985404365346, 0.16022278365169232], [0.06226982583848763, 0.9900728964126508, -0.12600965038658876, 0.028068586665694006], [0.829265187868317, 0.018930508549906296, 0.5585348723836897, 0.12242623721624678], [0.0, 0.0, 0.0, 1.0]]}
